Translation: -0.00203425 0.0247605 0.835118
Scaling: 0.412316
