Translation: -0.00207743 0.0248759 0.835103
Scaling: 0.412455
