[1;32mMsg[0m [NameManager::issueNewName] (Skeleton::BodyNode | model::model41) The name [base_link] is a duplicate, so it has been renamed to [base_link(1)]
[1;32mMsg[0m [NameManager::issueNewName] (Skeleton::N4dart8dynamics9ShapeNodeE | model::model41) The name [base_link:collision] is a duplicate, so it has been renamed to [base_link:collision(1)]
[1;32mMsg[0m [NameManager::issueNewName] (Skeleton::BodyNode | model::model41) The name [rotor_link] is a duplicate, so it has been renamed to [rotor_link(1)]
[1;32mMsg[0m [NameManager::issueNewName] (Skeleton::Joint | model::model41) The name [rotor_joint] is a duplicate, so it has been renamed to [rotor_joint(1)]
[1;32mMsg[0m [NameManager::issueNewName] (Skeleton::N4dart8dynamics9ShapeNodeE | model::model41) The name [rotor_link:collision] is a duplicate, so it has been renamed to [rotor_link:collision(1)]
A: 
16.34 3.706 66.09 16.34 3.706 66.09 -0.1546 -0.1562 -0.0006926 0.3883 -0.1562 -0.0006926 -0.2014 -0.1562 -0.0006926 -0.7443 -0.1562 -0.0006926 0.4077 -0.4369 0.05316 -0.1546 -0.1562 -0.0006926 0.3883 -0.1562 -0.0006926 -0.2014 -0.1562 -0.0006926 -0.7443 -0.1562 -0.0006926 0.4077 -0.4369 0.05316 1.207 -0.5586 0.13 0.4351 -0.03669 0.3541 0.978 -0.2735 0.3549 0.3883 -0.2742 0.1181 -0.1546 -0.03744 0.1173 0.5185 -1.012 -0.3288 0 0 0 0.1452 0.1653 0.07534 0 0 0 0.1274 0.1794 0.07534 0 0 0 0.1453 0.1632 0.07961 0 0 0 0.1296 0.1759 0.07961 0.1428 -0.08084 0.1647 -0.02505 0.2 0.02045 -0.003553 0.09658 0.02045 0.01346 0.2535 -0.04381 -0.00373 0.3362 -0.04381 -0.1322 0.3362 0.1225 -0.115 0.2535 0.1225 -0.1109 -0.1419 0.1472 0 0 0 0 0.2368 0.2368 
3.706 2127 15.95 3.706 2127 15.95 -0.4714 -0.03818 -0.07663 -0.4907 -0.03818 -0.07663 -0.6339 -0.03818 -0.07663 -0.6146 -0.03818 -0.07663 -0.04143 2074 10.63 -0.4714 -0.03818 -0.07663 -0.4907 -0.03818 -0.07663 -0.6339 -0.03818 -0.07663 -0.6146 -0.03818 -0.07663 -0.04143 2074 10.63 0.009188 1993 -12.48 -0.3282 -0.009151 0.009545 -0.3475 -0.06666 0.009725 -0.4907 -0.06684 -0.04778 -0.4714 -0.009331 -0.04796 -0.02875 1939 2.582 0 0 0 -0.07044 2.586e+06 -3.13e+07 0 0 0 -0.07292 2.586e+06 -2.961e+07 0 0 0 -0.05218 2.297e+06 -3.148e+07 0 0 0 -0.05477 2.297e+06 -3.002e+07 -0.06866 1516 170.3 -0.01845 0.05855 0.004969 -0.01324 0.03345 0.004969 -0.1521 -1.022 -0.01064 -0.1563 -1.002 -0.01064 0.7712 -1.002 0.02975 0.7753 -1.022 0.02975 0.681 -0.09211 0.03574 0 0 0 0 0.05751 0.05751 
66.09 15.95 2411 66.09 15.95 2411 -0.7549 0.05552 -0.05578 0.7549 0.05552 -0.05578 0.9651 0.05552 -0.05578 -0.5447 0.05552 -0.05578 0.171 -15.59 2070 -0.7549 0.05552 -0.05578 0.7549 0.05552 -0.05578 0.9651 0.05552 -0.05578 -0.5447 0.05552 -0.05578 0.171 -15.59 2070 0.1372 11.79 1993 -0.9651 0.4105 0.9982 0.5447 -0.2929 1 0.7549 -0.2951 0.297 -0.7549 0.4083 0.2948 0.149 -3.967 1934 0 0 0 -0.1004 3.458e+07 2.616e+06 0 0 0 -0.1446 3.458e+07 2.55e+06 0 0 0 -0.09556 3.457e+07 2.717e+06 0 0 0 -0.1352 3.457e+07 2.745e+06 -0.1061 -178.9 1685 -0.0262 0.102 0.06138 0.0383 -0.2083 0.06138 0.03665 -0.1404 -0.1315 -0.01494 0.1077 -0.1315 -0.04718 0.1077 0.3677 0.004416 -0.1404 0.3677 -0.01818 0.05474 0.4416 0 0 0 0 0.7034 0.7034 
16.34 3.706 66.09 16.34 3.706 66.09 -0.1546 -0.1562 -0.0006926 0.3883 -0.1562 -0.0006926 -0.2014 -0.1562 -0.0006926 -0.7443 -0.1562 -0.0006926 0.4077 -0.4369 0.05316 -0.1546 -0.1562 -0.0006926 0.3883 -0.1562 -0.0006926 -0.2014 -0.1562 -0.0006926 -0.7443 -0.1562 -0.0006926 0.4077 -0.4369 0.05316 1.207 -0.5586 0.13 0.4351 -0.03669 0.3541 0.978 -0.2735 0.3549 0.3883 -0.2742 0.1181 -0.1546 -0.03744 0.1173 0.5185 -1.012 -0.3288 0 0 0 0.1452 0.1653 0.07534 0 0 0 0.1274 0.1794 0.07534 0 0 0 0.1453 0.1632 0.07961 0 0 0 0.1296 0.1759 0.07961 0.1428 -0.08084 0.1647 -0.02505 0.2 0.02045 -0.003553 0.09658 0.02045 0.01346 0.2535 -0.04381 -0.00373 0.3362 -0.04381 -0.1322 0.3362 0.1225 -0.115 0.2535 0.1225 -0.1109 -0.1419 0.1472 0 0 0 0 0.2368 0.2368 
3.706 2127 15.95 3.706 2127 15.95 -0.4714 -0.03818 -0.07663 -0.4907 -0.03818 -0.07663 -0.6339 -0.03818 -0.07663 -0.6146 -0.03818 -0.07663 -0.04143 2074 10.63 -0.4714 -0.03818 -0.07663 -0.4907 -0.03818 -0.07663 -0.6339 -0.03818 -0.07663 -0.6146 -0.03818 -0.07663 -0.04143 2074 10.63 0.009188 1993 -12.48 -0.3282 -0.009151 0.009545 -0.3475 -0.06666 0.009725 -0.4907 -0.06684 -0.04778 -0.4714 -0.009331 -0.04796 -0.02875 1939 2.582 0 0 0 -0.07044 2.586e+06 -3.13e+07 0 0 0 -0.07292 2.586e+06 -2.961e+07 0 0 0 -0.05218 2.297e+06 -3.148e+07 0 0 0 -0.05477 2.297e+06 -3.002e+07 -0.06866 1516 170.3 -0.01845 0.05855 0.004969 -0.01324 0.03345 0.004969 -0.1521 -1.022 -0.01064 -0.1563 -1.002 -0.01064 0.7712 -1.002 0.02975 0.7753 -1.022 0.02975 0.681 -0.09211 0.03574 0 0 0 0 0.05751 0.05751 
66.09 15.95 2411 66.09 15.95 2411 -0.7549 0.05552 -0.05578 0.7549 0.05552 -0.05578 0.9651 0.05552 -0.05578 -0.5447 0.05552 -0.05578 0.171 -15.59 2070 -0.7549 0.05552 -0.05578 0.7549 0.05552 -0.05578 0.9651 0.05552 -0.05578 -0.5447 0.05552 -0.05578 0.171 -15.59 2070 0.1372 11.79 1993 -0.9651 0.4105 0.9982 0.5447 -0.2929 1 0.7549 -0.2951 0.297 -0.7549 0.4083 0.2948 0.149 -3.967 1934 0 0 0 -0.1004 3.458e+07 2.616e+06 0 0 0 -0.1446 3.458e+07 2.55e+06 0 0 0 -0.09556 3.457e+07 2.717e+06 0 0 0 -0.1352 3.457e+07 2.745e+06 -0.1061 -178.9 1685 -0.0262 0.102 0.06138 0.0383 -0.2083 0.06138 0.03665 -0.1404 -0.1315 -0.01494 0.1077 -0.1315 -0.04718 0.1077 0.3677 0.004416 -0.1404 0.3677 -0.01818 0.05474 0.4416 0 0 0 0 0.7034 0.7034 
-0.1546 -0.4714 -0.7549 -0.1546 -0.4714 -0.7549 1.229 -0.002335 -0.7429 -0.2392 -0.002335 -0.7429 -0.2392 -0.002335 -0.7429 1.229 -0.002335 -0.7429 0.1785 0.273 0.7091 1.229 -0.002335 -0.7429 -0.2392 -0.002335 -0.7429 -0.2392 -0.002335 -0.7429 1.229 -0.002335 -0.7429 0.1785 0.273 0.7091 -0.165 -0.4786 -0.7482 1.229 -0.002335 -0.7429 -0.2392 -0.002335 -0.7429 -0.2392 -0.002335 -0.7429 1.229 -0.002335 -0.7429 0.1911 0.2781 0.7038 0 0 0 0 0 0 0 0 0 0 0 0 0 0 0 0 0 0 0 0 0 0 0 0 0 0 0 0 0 0 0 0 0 0 0 0 0 0 0 0 0 0 0 0 0 0 0 0 0 0 0 0 1.425e-13 2.517e-08 
-0.1562 -0.03818 0.05552 -0.1562 -0.03818 0.05552 -0.002335 2.307 1.503 0.002335 -0.7027 1.512 -0.5949 -0.7122 -1.497 -0.5996 2.297 -1.507 0.2217 0.03541 -1.652 -0.002335 2.307 1.503 0.002335 -0.7027 1.512 -0.5949 -0.7122 -1.497 -0.5996 2.297 -1.507 0.2217 0.03541 -1.652 -0.003044 -0.6181 0.06167 0.5949 0.796 -0.0009229 0.5996 0.7984 -0.0009303 0.002335 0.7984 0.001409 -0.002335 0.796 0.001417 -0.6367 -0.7259 0.2542 0 0 0 0 0 0 0 0 0 0 0 0 0 0 0 0 0 0 0 0 0 0 0 0 0 0 0 0 0 0 0 0 0 0 0 0 0 0 0 0 0 0 0 0 0 0 0 0 0 0 0 0 -0.00234 -3.012 
-0.0006926 -0.07663 -0.05578 -0.0006926 -0.07663 -0.05578 -0.7429 1.503 3.11 0.7429 -1.488 3.119 0.7448 -1.497 0.1285 -0.7411 1.493 0.1191 0.6174 -0.6484 -3.419 -0.7429 1.503 3.11 0.7429 -1.488 3.119 0.7448 -1.497 0.1285 -0.7411 1.493 0.1191 0.6174 -0.6484 -3.419 0.2514 -0.009439 0.6419 -0.7448 -0.3731 0.5036 0.7411 0.3713 0.5012 0.7429 0.3736 1.246 -0.7429 -0.3708 1.248 -0.3695 -0.8209 -0.3575 0 0 0 0 0 0 0 0 0 0 0 0 0 0 0 0 0 0 0 0 0 0 0 0 0 0 0 0 0 0 0 0 0 0 0 0 0 0 0 0 0 0 0 0 0 0 0 0 0 0 0 0 -0.7444 -3.735 
0.3883 -0.4907 0.7549 0.3883 -0.4907 0.7549 -0.2392 0.002335 0.7429 1.229 0.002335 0.7429 1.229 0.002335 0.7429 -0.2392 0.002335 0.7429 -0.01213 -1.249 -0.7091 -0.2392 0.002335 0.7429 1.229 0.002335 0.7429 1.229 0.002335 0.7429 -0.2392 0.002335 0.7429 -0.01213 -1.249 -0.7091 0.4142 -0.4796 0.7482 -0.2392 0.002335 0.7429 1.229 0.002335 0.7429 1.229 0.002335 0.7429 -0.2392 0.002335 0.7429 -0.01299 -1.252 -0.7038 0 0 0 0 0 0 0 0 0 0 0 0 0 0 0 0 0 0 0 0 0 0 0 0 0 0 0 0 0 0 0 0 0 0 0 0 0 0 0 0 0 0 0 0 0 0 0 0 0 0 0 0 1.425e-13 -2.517e-08 
-0.1562 -0.03818 0.05552 -0.1562 -0.03818 0.05552 -0.002335 -0.7027 -1.488 0.002335 2.288 -1.497 -0.5949 2.297 1.493 -0.5996 -0.6934 1.503 -1.718 -0.2951 2.107 -0.002335 -0.7027 -1.488 0.002335 2.288 -1.497 -0.5949 2.297 1.493 -0.5996 -0.6934 1.503 -1.718 -0.2951 2.107 -0.003044 -0.6181 0.06167 0.5949 0.796 -0.0009229 0.5996 0.7984 -0.0009303 0.002335 0.7984 0.001409 -0.002335 0.796 0.001417 -0.6367 -0.7259 0.2542 0 0 0 0 0 0 0 0 0 0 0 0 0 0 0 0 0 0 0 0 0 0 0 0 0 0 0 0 0 0 0 0 0 0 0 0 0 0 0 0 0 0 0 0 0 0 0 0 0 0 0 0 -0.00234 2.988 
-0.0006926 -0.07663 -0.05578 -0.0006926 -0.07663 -0.05578 -0.7429 1.512 3.119 0.7429 -1.497 3.128 0.7448 -1.507 0.1191 -0.7411 1.503 0.1096 0.6235 -0.6474 -3.431 -0.7429 1.512 3.119 0.7429 -1.497 3.128 0.7448 -1.507 0.1191 -0.7411 1.503 0.1096 0.6235 -0.6474 -3.431 0.2514 -0.009439 0.6419 -0.7448 -0.3731 0.5036 0.7411 0.3713 0.5012 0.7429 0.3736 1.246 -0.7429 -0.3708 1.248 -0.3695 -0.8209 -0.3575 0 0 0 0 0 0 0 0 0 0 0 0 0 0 0 0 0 0 0 0 0 0 0 0 0 0 0 0 0 0 0 0 0 0 0 0 0 0 0 0 0 0 0 0 0 0 0 0 0 0 0 0 -0.7444 -3.754 
-0.2014 -0.6339 0.9651 -0.2014 -0.6339 0.9651 -0.2392 -0.5949 0.7448 1.229 -0.5949 0.7448 2.41 -0.5949 0.7448 0.9413 -0.5949 0.7448 0.5498 -1.153 -0.8874 -0.2392 -0.5949 0.7448 1.229 -0.5949 0.7448 2.41 -0.5949 0.7448 0.9413 -0.5949 0.7448 0.5498 -1.153 -0.8874 -0.465 0.5114 0.9734 -1.42 -0.5949 0.7448 0.04884 -0.5949 0.7448 1.229 -0.5949 0.7448 -0.2392 -0.5949 0.7448 0.3313 0.01091 -0.8951 0 0 0 0 0 0 0 0 0 0 0 0 0 0 0 0 0 0 0 0 0 0 0 0 0 0 0 0 0 0 0 0 0 0 0 0 0 0 0 0 0 0 0 0 0 0 0 0 0 0 0 0 1.425e-13 -2.517e-08 
-0.1562 -0.03818 0.05552 -0.1562 -0.03818 0.05552 -0.002335 -0.7122 -1.497 0.002335 2.297 -1.507 -0.5949 2.307 1.503 -0.5996 -0.7027 1.512 -1.724 -0.2962 2.118 -0.002335 -0.7122 -1.497 0.002335 2.297 -1.507 -0.5949 2.307 1.503 -0.5996 -0.7027 1.512 -1.724 -0.2962 2.118 -0.003044 -0.6181 0.06167 0.5949 0.796 -0.0009229 0.5996 0.7984 -0.0009303 0.002335 0.7984 0.001409 -0.002335 0.796 0.001417 -0.6367 -0.7259 0.2542 0 0 0 0 0 0 0 0 0 0 0 0 0 0 0 0 0 0 0 0 0 0 0 0 0 0 0 0 0 0 0 0 0 0 0 0 0 0 0 0 0 0 0 0 0 0 0 0 0 0 0 0 -0.00234 3.007 
-0.0006926 -0.07663 -0.05578 -0.0006926 -0.07663 -0.05578 -0.7429 -1.497 0.1285 0.7429 1.493 0.1191 0.7448 1.503 3.11 -0.7411 -1.488 3.119 -1.316 -0.9779 0.3276 -0.7429 -1.497 0.1285 0.7429 1.493 0.1191 0.7448 1.503 3.11 -0.7411 -1.488 3.119 -1.316 -0.9779 0.3276 0.2514 -0.009439 0.6419 -0.7448 -0.3731 0.5036 0.7411 0.3713 0.5012 0.7429 0.3736 1.246 -0.7429 -0.3708 1.248 -0.3695 -0.8209 -0.3575 0 0 0 0 0 0 0 0 0 0 0 0 0 0 0 0 0 0 0 0 0 0 0 0 0 0 0 0 0 0 0 0 0 0 0 0 0 0 0 0 0 0 0 0 0 0 0 0 0 0 0 0 -0.7444 2.246 
-0.7443 -0.6146 -0.5447 -0.7443 -0.6146 -0.5447 1.229 -0.5996 -0.7411 -0.2392 -0.5996 -0.7411 0.9413 -0.5996 -0.7411 2.41 -0.5996 -0.7411 0.7404 0.3688 0.5308 1.229 -0.5996 -0.7411 -0.2392 -0.5996 -0.7411 0.9413 -0.5996 -0.7411 2.41 -0.5996 -0.7411 0.7404 0.3688 0.5308 -1.044 0.5124 -0.523 0.04884 -0.5996 -0.7411 -1.42 -0.5996 -0.7411 -0.2392 -0.5996 -0.7411 1.229 -0.5996 -0.7411 0.5353 1.541 0.5125 0 0 0 0 0 0 0 0 0 0 0 0 0 0 0 0 0 0 0 0 0 0 0 0 0 0 0 0 0 0 0 0 0 0 0 0 0 0 0 0 0 0 0 0 0 0 0 0 0 0 0 0 1.425e-13 2.517e-08 
-0.1562 -0.03818 0.05552 -0.1562 -0.03818 0.05552 -0.002335 2.297 1.493 0.002335 -0.6934 1.503 -0.5949 -0.7027 -1.488 -0.5996 2.288 -1.497 0.2156 0.03437 -1.64 -0.002335 2.297 1.493 0.002335 -0.6934 1.503 -0.5949 -0.7027 -1.488 -0.5996 2.288 -1.497 0.2156 0.03437 -1.64 -0.003044 -0.6181 0.06167 0.5949 0.796 -0.0009229 0.5996 0.7984 -0.0009303 0.002335 0.7984 0.001409 -0.002335 0.796 0.001417 -0.6367 -0.7259 0.2542 0 0 0 0 0 0 0 0 0 0 0 0 0 0 0 0 0 0 0 0 0 0 0 0 0 0 0 0 0 0 0 0 0 0 0 0 0 0 0 0 0 0 0 0 0 0 0 0 0 0 0 0 -0.00234 -2.993 
-0.0006926 -0.07663 -0.05578 -0.0006926 -0.07663 -0.05578 -0.7429 -1.507 0.1191 0.7429 1.503 0.1096 0.7448 1.512 3.119 -0.7411 -1.497 3.128 -1.322 -0.979 0.3394 -0.7429 -1.507 0.1191 0.7429 1.503 0.1096 0.7448 1.512 3.119 -0.7411 -1.497 3.128 -1.322 -0.979 0.3394 0.2514 -0.009439 0.6419 -0.7448 -0.3731 0.5036 0.7411 0.3713 0.5012 0.7429 0.3736 1.246 -0.7429 -0.3708 1.248 -0.3695 -0.8209 -0.3575 0 0 0 0 0 0 0 0 0 0 0 0 0 0 0 0 0 0 0 0 0 0 0 0 0 0 0 0 0 0 0 0 0 0 0 0 0 0 0 0 0 0 0 0 0 0 0 0 0 0 0 0 -0.7444 2.265 
0.4077 -0.04143 0.171 0.4077 -0.04143 0.171 0.1785 0.2217 0.6174 -0.01213 -1.718 0.6235 0.5498 -1.724 -1.316 0.7404 0.2156 -1.322 1.625 0.2255 -1.018 0.1785 0.2217 0.6174 -0.01213 -1.718 0.6235 0.5498 -1.724 -1.316 0.7404 0.2156 -1.322 1.625 0.2255 -1.018 0.1965 0.4907 -0.04382 -0.3834 -0.6406 -0.02103 -0.574 -0.8597 -0.02034 -0.01213 -0.8603 -0.2394 0.1785 -0.6412 -0.2401 0.8983 0.6839 -0.1719 0 0 0 0.1429 0.1538 0.02684 0 0 0 0.1263 0.1677 0.02684 0 0 0 0.1441 0.1519 0.03103 0 0 0 0.1295 0.1645 0.03103 0.1408 -0.03201 0.1547 -0.02547 0.2004 0.01891 -0.005605 0.1048 0.01891 0.001795 0.1862 -0.04049 -0.0141 0.2626 -0.04049 -0.07703 0.2626 0.1133 -0.06114 0.1862 0.1133 -0.06283 -0.1495 0.136 0 0 0 0 0.2191 -1.72 
-0.4369 2074 -15.59 -0.4369 2074 -15.59 0.273 0.03541 -0.6484 -1.249 -0.2951 -0.6474 -1.153 -0.2962 -0.9779 0.3688 0.03437 -0.979 0.2255 2026 0.5291 0.273 0.03541 -0.6484 -1.249 -0.2951 -0.6474 -1.153 -0.2962 -0.9779 0.3688 0.03437 -0.979 0.2255 2026 0.5291 -0.5108 1943 -27.73 0.1773 -0.1115 -0.7572 -1.345 -0.1489 -0.7571 -1.249 -0.149 -0.7945 0.273 -0.1117 -0.7946 0.09377 1893 -7.099 0 0 0 -0.07984 2.3e+06 -3.097e+07 0 0 0 -0.08086 2.3e+06 -2.942e+07 0 0 0 -0.06166 2.043e+06 -3.114e+07 0 0 0 -0.06296 2.043e+06 -2.98e+07 -0.07787 1501 156 -0.01654 0.044 0.003223 -0.01315 0.02772 0.003223 -0.1528 -1.036 -0.0069 -0.1555 -1.023 -0.0069 0.7787 -1.023 0.0193 0.7814 -1.036 0.0193 0.6872 -0.08231 0.02318 0 0 0 0 0.03734 -0.2932 
0.05316 10.63 2070 0.05316 10.63 2070 0.7091 -1.652 -3.419 -0.7091 2.107 -3.431 -0.8874 2.118 0.3276 0.5308 -1.64 0.3394 -1.018 0.5291 2029 0.7091 -1.652 -3.419 -0.7091 2.107 -3.431 -0.8874 2.118 0.3276 0.5308 -1.64 0.3394 -1.018 0.5291 2029 -0.132 17.82 1937 0.8874 0.5917 -0.4814 -0.5308 -0.1187 -0.4791 -0.7091 -0.121 -1.19 0.7091 0.5895 -1.192 0.2605 7.825 1892 0 0 0 -0.0966 3.372e+07 1.395e+06 0 0 0 -0.1413 3.372e+07 1.124e+06 0 0 0 -0.09161 3.377e+07 1.52e+06 0 0 0 -0.1317 3.377e+07 1.361e+06 -0.1023 -116.7 1645 -0.02706 0.1082 0.06199 0.03808 -0.2051 0.06199 0.03595 -0.1402 -0.1328 -0.01616 0.1104 -0.1328 -0.04553 0.1104 0.3714 0.006572 -0.1402 0.3714 -0.01656 0.04987 0.446 0 0 0 0 0.7105 4.469 
-0.1546 -0.4714 -0.7549 -0.1546 -0.4714 -0.7549 1.229 -0.002335 -0.7429 -0.2392 -0.002335 -0.7429 -0.2392 -0.002335 -0.7429 1.229 -0.002335 -0.7429 0.1785 0.273 0.7091 1.229 -0.002335 -0.7429 -0.2392 -0.002335 -0.7429 -0.2392 -0.002335 -0.7429 1.229 -0.002335 -0.7429 0.1785 0.273 0.7091 -0.165 -0.4786 -0.7482 1.229 -0.002335 -0.7429 -0.2392 -0.002335 -0.7429 -0.2392 -0.002335 -0.7429 1.229 -0.002335 -0.7429 0.1911 0.2781 0.7038 0 0 0 0 0 0 0 0 0 0 0 0 0 0 0 0 0 0 0 0 0 0 0 0 0 0 0 0 0 0 0 0 0 0 0 0 0 0 0 0 0 0 0 0 0 0 0 0 0 0 0 0 1.425e-13 2.517e-08 
-0.1562 -0.03818 0.05552 -0.1562 -0.03818 0.05552 -0.002335 2.307 1.503 0.002335 -0.7027 1.512 -0.5949 -0.7122 -1.497 -0.5996 2.297 -1.507 0.2217 0.03541 -1.652 -0.002335 2.307 1.503 0.002335 -0.7027 1.512 -0.5949 -0.7122 -1.497 -0.5996 2.297 -1.507 0.2217 0.03541 -1.652 -0.003044 -0.6181 0.06167 0.5949 0.796 -0.0009229 0.5996 0.7984 -0.0009303 0.002335 0.7984 0.001409 -0.002335 0.796 0.001417 -0.6367 -0.7259 0.2542 0 0 0 0 0 0 0 0 0 0 0 0 0 0 0 0 0 0 0 0 0 0 0 0 0 0 0 0 0 0 0 0 0 0 0 0 0 0 0 0 0 0 0 0 0 0 0 0 0 0 0 0 -0.00234 -3.012 
-0.0006926 -0.07663 -0.05578 -0.0006926 -0.07663 -0.05578 -0.7429 1.503 3.11 0.7429 -1.488 3.119 0.7448 -1.497 0.1285 -0.7411 1.493 0.1191 0.6174 -0.6484 -3.419 -0.7429 1.503 3.11 0.7429 -1.488 3.119 0.7448 -1.497 0.1285 -0.7411 1.493 0.1191 0.6174 -0.6484 -3.419 0.2514 -0.009439 0.6419 -0.7448 -0.3731 0.5036 0.7411 0.3713 0.5012 0.7429 0.3736 1.246 -0.7429 -0.3708 1.248 -0.3695 -0.8209 -0.3575 0 0 0 0 0 0 0 0 0 0 0 0 0 0 0 0 0 0 0 0 0 0 0 0 0 0 0 0 0 0 0 0 0 0 0 0 0 0 0 0 0 0 0 0 0 0 0 0 0 0 0 0 -0.7444 -3.735 
0.3883 -0.4907 0.7549 0.3883 -0.4907 0.7549 -0.2392 0.002335 0.7429 1.229 0.002335 0.7429 1.229 0.002335 0.7429 -0.2392 0.002335 0.7429 -0.01213 -1.249 -0.7091 -0.2392 0.002335 0.7429 1.229 0.002335 0.7429 1.229 0.002335 0.7429 -0.2392 0.002335 0.7429 -0.01213 -1.249 -0.7091 0.4142 -0.4796 0.7482 -0.2392 0.002335 0.7429 1.229 0.002335 0.7429 1.229 0.002335 0.7429 -0.2392 0.002335 0.7429 -0.01299 -1.252 -0.7038 0 0 0 0 0 0 0 0 0 0 0 0 0 0 0 0 0 0 0 0 0 0 0 0 0 0 0 0 0 0 0 0 0 0 0 0 0 0 0 0 0 0 0 0 0 0 0 0 0 0 0 0 1.425e-13 -2.517e-08 
-0.1562 -0.03818 0.05552 -0.1562 -0.03818 0.05552 -0.002335 -0.7027 -1.488 0.002335 2.288 -1.497 -0.5949 2.297 1.493 -0.5996 -0.6934 1.503 -1.718 -0.2951 2.107 -0.002335 -0.7027 -1.488 0.002335 2.288 -1.497 -0.5949 2.297 1.493 -0.5996 -0.6934 1.503 -1.718 -0.2951 2.107 -0.003044 -0.6181 0.06167 0.5949 0.796 -0.0009229 0.5996 0.7984 -0.0009303 0.002335 0.7984 0.001409 -0.002335 0.796 0.001417 -0.6367 -0.7259 0.2542 0 0 0 0 0 0 0 0 0 0 0 0 0 0 0 0 0 0 0 0 0 0 0 0 0 0 0 0 0 0 0 0 0 0 0 0 0 0 0 0 0 0 0 0 0 0 0 0 0 0 0 0 -0.00234 2.988 
-0.0006926 -0.07663 -0.05578 -0.0006926 -0.07663 -0.05578 -0.7429 1.512 3.119 0.7429 -1.497 3.128 0.7448 -1.507 0.1191 -0.7411 1.503 0.1096 0.6235 -0.6474 -3.431 -0.7429 1.512 3.119 0.7429 -1.497 3.128 0.7448 -1.507 0.1191 -0.7411 1.503 0.1096 0.6235 -0.6474 -3.431 0.2514 -0.009439 0.6419 -0.7448 -0.3731 0.5036 0.7411 0.3713 0.5012 0.7429 0.3736 1.246 -0.7429 -0.3708 1.248 -0.3695 -0.8209 -0.3575 0 0 0 0 0 0 0 0 0 0 0 0 0 0 0 0 0 0 0 0 0 0 0 0 0 0 0 0 0 0 0 0 0 0 0 0 0 0 0 0 0 0 0 0 0 0 0 0 0 0 0 0 -0.7444 -3.754 
-0.2014 -0.6339 0.9651 -0.2014 -0.6339 0.9651 -0.2392 -0.5949 0.7448 1.229 -0.5949 0.7448 2.41 -0.5949 0.7448 0.9413 -0.5949 0.7448 0.5498 -1.153 -0.8874 -0.2392 -0.5949 0.7448 1.229 -0.5949 0.7448 2.41 -0.5949 0.7448 0.9413 -0.5949 0.7448 0.5498 -1.153 -0.8874 -0.465 0.5114 0.9734 -1.42 -0.5949 0.7448 0.04884 -0.5949 0.7448 1.229 -0.5949 0.7448 -0.2392 -0.5949 0.7448 0.3313 0.01091 -0.8951 0 0 0 0 0 0 0 0 0 0 0 0 0 0 0 0 0 0 0 0 0 0 0 0 0 0 0 0 0 0 0 0 0 0 0 0 0 0 0 0 0 0 0 0 0 0 0 0 0 0 0 0 1.425e-13 -2.517e-08 
-0.1562 -0.03818 0.05552 -0.1562 -0.03818 0.05552 -0.002335 -0.7122 -1.497 0.002335 2.297 -1.507 -0.5949 2.307 1.503 -0.5996 -0.7027 1.512 -1.724 -0.2962 2.118 -0.002335 -0.7122 -1.497 0.002335 2.297 -1.507 -0.5949 2.307 1.503 -0.5996 -0.7027 1.512 -1.724 -0.2962 2.118 -0.003044 -0.6181 0.06167 0.5949 0.796 -0.0009229 0.5996 0.7984 -0.0009303 0.002335 0.7984 0.001409 -0.002335 0.796 0.001417 -0.6367 -0.7259 0.2542 0 0 0 0 0 0 0 0 0 0 0 0 0 0 0 0 0 0 0 0 0 0 0 0 0 0 0 0 0 0 0 0 0 0 0 0 0 0 0 0 0 0 0 0 0 0 0 0 0 0 0 0 -0.00234 3.007 
-0.0006926 -0.07663 -0.05578 -0.0006926 -0.07663 -0.05578 -0.7429 -1.497 0.1285 0.7429 1.493 0.1191 0.7448 1.503 3.11 -0.7411 -1.488 3.119 -1.316 -0.9779 0.3276 -0.7429 -1.497 0.1285 0.7429 1.493 0.1191 0.7448 1.503 3.11 -0.7411 -1.488 3.119 -1.316 -0.9779 0.3276 0.2514 -0.009439 0.6419 -0.7448 -0.3731 0.5036 0.7411 0.3713 0.5012 0.7429 0.3736 1.246 -0.7429 -0.3708 1.248 -0.3695 -0.8209 -0.3575 0 0 0 0 0 0 0 0 0 0 0 0 0 0 0 0 0 0 0 0 0 0 0 0 0 0 0 0 0 0 0 0 0 0 0 0 0 0 0 0 0 0 0 0 0 0 0 0 0 0 0 0 -0.7444 2.246 
-0.7443 -0.6146 -0.5447 -0.7443 -0.6146 -0.5447 1.229 -0.5996 -0.7411 -0.2392 -0.5996 -0.7411 0.9413 -0.5996 -0.7411 2.41 -0.5996 -0.7411 0.7404 0.3688 0.5308 1.229 -0.5996 -0.7411 -0.2392 -0.5996 -0.7411 0.9413 -0.5996 -0.7411 2.41 -0.5996 -0.7411 0.7404 0.3688 0.5308 -1.044 0.5124 -0.523 0.04884 -0.5996 -0.7411 -1.42 -0.5996 -0.7411 -0.2392 -0.5996 -0.7411 1.229 -0.5996 -0.7411 0.5353 1.541 0.5125 0 0 0 0 0 0 0 0 0 0 0 0 0 0 0 0 0 0 0 0 0 0 0 0 0 0 0 0 0 0 0 0 0 0 0 0 0 0 0 0 0 0 0 0 0 0 0 0 0 0 0 0 1.425e-13 2.517e-08 
-0.1562 -0.03818 0.05552 -0.1562 -0.03818 0.05552 -0.002335 2.297 1.493 0.002335 -0.6934 1.503 -0.5949 -0.7027 -1.488 -0.5996 2.288 -1.497 0.2156 0.03437 -1.64 -0.002335 2.297 1.493 0.002335 -0.6934 1.503 -0.5949 -0.7027 -1.488 -0.5996 2.288 -1.497 0.2156 0.03437 -1.64 -0.003044 -0.6181 0.06167 0.5949 0.796 -0.0009229 0.5996 0.7984 -0.0009303 0.002335 0.7984 0.001409 -0.002335 0.796 0.001417 -0.6367 -0.7259 0.2542 0 0 0 0 0 0 0 0 0 0 0 0 0 0 0 0 0 0 0 0 0 0 0 0 0 0 0 0 0 0 0 0 0 0 0 0 0 0 0 0 0 0 0 0 0 0 0 0 0 0 0 0 -0.00234 -2.993 
-0.0006926 -0.07663 -0.05578 -0.0006926 -0.07663 -0.05578 -0.7429 -1.507 0.1191 0.7429 1.503 0.1096 0.7448 1.512 3.119 -0.7411 -1.497 3.128 -1.322 -0.979 0.3394 -0.7429 -1.507 0.1191 0.7429 1.503 0.1096 0.7448 1.512 3.119 -0.7411 -1.497 3.128 -1.322 -0.979 0.3394 0.2514 -0.009439 0.6419 -0.7448 -0.3731 0.5036 0.7411 0.3713 0.5012 0.7429 0.3736 1.246 -0.7429 -0.3708 1.248 -0.3695 -0.8209 -0.3575 0 0 0 0 0 0 0 0 0 0 0 0 0 0 0 0 0 0 0 0 0 0 0 0 0 0 0 0 0 0 0 0 0 0 0 0 0 0 0 0 0 0 0 0 0 0 0 0 0 0 0 0 -0.7444 2.265 
0.4077 -0.04143 0.171 0.4077 -0.04143 0.171 0.1785 0.2217 0.6174 -0.01213 -1.718 0.6235 0.5498 -1.724 -1.316 0.7404 0.2156 -1.322 1.625 0.2255 -1.018 0.1785 0.2217 0.6174 -0.01213 -1.718 0.6235 0.5498 -1.724 -1.316 0.7404 0.2156 -1.322 1.625 0.2255 -1.018 0.1965 0.4907 -0.04382 -0.3834 -0.6406 -0.02103 -0.574 -0.8597 -0.02034 -0.01213 -0.8603 -0.2394 0.1785 -0.6412 -0.2401 0.8983 0.6839 -0.1719 0 0 0 0.1429 0.1538 0.02684 0 0 0 0.1263 0.1677 0.02684 0 0 0 0.1441 0.1519 0.03103 0 0 0 0.1295 0.1645 0.03103 0.1408 -0.03201 0.1547 -0.02547 0.2004 0.01891 -0.005605 0.1048 0.01891 0.001795 0.1862 -0.04049 -0.0141 0.2626 -0.04049 -0.07703 0.2626 0.1133 -0.06114 0.1862 0.1133 -0.06283 -0.1495 0.136 0 0 0 0 0.2191 -1.72 
-0.4369 2074 -15.59 -0.4369 2074 -15.59 0.273 0.03541 -0.6484 -1.249 -0.2951 -0.6474 -1.153 -0.2962 -0.9779 0.3688 0.03437 -0.979 0.2255 2026 0.5291 0.273 0.03541 -0.6484 -1.249 -0.2951 -0.6474 -1.153 -0.2962 -0.9779 0.3688 0.03437 -0.979 0.2255 2026 0.5291 -0.5108 1943 -27.73 0.1773 -0.1115 -0.7572 -1.345 -0.1489 -0.7571 -1.249 -0.149 -0.7945 0.273 -0.1117 -0.7946 0.09377 1893 -7.099 0 0 0 -0.07984 2.3e+06 -3.097e+07 0 0 0 -0.08086 2.3e+06 -2.942e+07 0 0 0 -0.06166 2.043e+06 -3.114e+07 0 0 0 -0.06296 2.043e+06 -2.98e+07 -0.07787 1501 156 -0.01654 0.044 0.003223 -0.01315 0.02772 0.003223 -0.1528 -1.036 -0.0069 -0.1555 -1.023 -0.0069 0.7787 -1.023 0.0193 0.7814 -1.036 0.0193 0.6872 -0.08231 0.02318 0 0 0 0 0.03734 -0.2932 
0.05316 10.63 2070 0.05316 10.63 2070 0.7091 -1.652 -3.419 -0.7091 2.107 -3.431 -0.8874 2.118 0.3276 0.5308 -1.64 0.3394 -1.018 0.5291 2029 0.7091 -1.652 -3.419 -0.7091 2.107 -3.431 -0.8874 2.118 0.3276 0.5308 -1.64 0.3394 -1.018 0.5291 2029 -0.132 17.82 1937 0.8874 0.5917 -0.4814 -0.5308 -0.1187 -0.4791 -0.7091 -0.121 -1.19 0.7091 0.5895 -1.192 0.2605 7.825 1892 0 0 0 -0.0966 3.372e+07 1.395e+06 0 0 0 -0.1413 3.372e+07 1.124e+06 0 0 0 -0.09161 3.377e+07 1.52e+06 0 0 0 -0.1317 3.377e+07 1.361e+06 -0.1023 -116.7 1645 -0.02706 0.1082 0.06199 0.03808 -0.2051 0.06199 0.03595 -0.1402 -0.1328 -0.01616 0.1104 -0.1328 -0.04553 0.1104 0.3714 0.006572 -0.1402 0.3714 -0.01656 0.04987 0.446 0 0 0 0 0.7105 4.469 
1.207 0.009188 0.1372 1.207 0.009188 0.1372 -0.165 -0.003044 0.2514 0.4142 -0.003044 0.2514 -0.465 -0.003044 0.2514 -1.044 -0.003044 0.2514 0.1965 -0.5108 -0.132 -0.165 -0.003044 0.2514 0.4142 -0.003044 0.2514 -0.465 -0.003044 0.2514 -1.044 -0.003044 0.2514 0.1965 -0.5108 -0.132 19.89 3.981 72.12 0.7143 -0.1305 -0.1272 1.293 0.1221 -0.128 0.4142 0.1229 0.1247 -0.165 -0.1297 0.1255 0.3594 -1.374 0.265 0 0 0 0.1439 0.1751 0.08719 0 0 0 0.125 0.189 0.0872 0 0 0 0.1438 0.173 0.09146 0 0 0 0.1272 0.1855 0.09146 0.1414 -0.09299 0.1742 -0.02536 0.2014 0.02184 -0.002418 0.09101 0.02183 0.01682 0.2667 -0.04677 -0.001536 0.355 -0.04677 -0.1459 0.355 0.1308 -0.1275 0.2667 0.1308 -0.1224 -0.139 0.1571 0 0 0 0 147.5 -0.2526 
-0.5586 1993 11.79 -0.5586 1993 11.79 -0.4786 -0.6181 -0.009439 -0.4796 -0.6181 -0.009439 0.5114 -0.6181 -0.009439 0.5124 -0.6181 -0.009439 0.4907 1943 17.82 -0.4786 -0.6181 -0.009439 -0.4796 -0.6181 -0.009439 0.5114 -0.6181 -0.009439 0.5124 -0.6181 -0.009439 0.4907 1943 17.82 3.981 1871 18.9 -1.47 -0.6513 -0.1079 -1.471 -0.5856 -0.1081 -0.4796 -0.5854 -0.0424 -0.4786 -0.6511 -0.04219 0.2939 1818 10.45 0 0 0 -0.06871 2.598e+06 -2.899e+07 0 0 0 -0.07175 2.598e+06 -2.734e+07 0 0 0 -0.05042 2.308e+06 -2.917e+07 0 0 0 -0.05351 2.308e+06 -2.773e+07 -0.067 1403 167.5 -0.01902 0.06241 0.005681 -0.01305 0.03371 0.005681 -0.1516 -1.019 -0.01216 -0.1564 -0.9957 -0.01216 0.7686 -0.9957 0.03402 0.7734 -1.019 0.03402 0.679 -0.09405 0.04087 0 0 0 0 38.37 -0.06571 
0.13 -12.48 1993 0.13 -12.48 1993 -0.7482 0.06167 0.6419 0.7482 0.06167 0.6419 0.9734 0.06167 0.6419 -0.523 0.06167 0.6419 -0.04382 -27.73 1937 -0.7482 0.06167 0.6419 0.7482 0.06167 0.6419 0.9734 0.06167 0.6419 -0.523 0.06167 0.6419 -0.04382 -27.73 1937 72.12 18.9 2150 -0.9734 -0.2902 -0.4028 0.523 0.407 -0.405 0.7482 0.4091 0.2922 -0.7482 -0.288 0.2944 -0.07377 -15.3 1812 0 0 0 -0.1035 3.238e+07 2.858e+06 0 0 0 -0.1472 3.238e+07 2.834e+06 0 0 0 -0.09872 3.237e+07 2.947e+06 0 0 0 -0.138 3.237e+07 3.008e+06 -0.1091 -187.7 1577 -0.02548 0.0968 0.06084 0.03845 -0.2107 0.06084 0.03721 -0.1405 -0.1303 -0.01393 0.1055 -0.1303 -0.04849 0.1055 0.3645 0.002653 -0.1405 0.3645 -0.01948 0.05867 0.4378 0 0 0 0 576.5 -0.6972 
0.4351 -0.3282 -0.9651 0.4351 -0.3282 -0.9651 1.229 0.5949 -0.7448 -0.2392 0.5949 -0.7448 -1.42 0.5949 -0.7448 0.04884 0.5949 -0.7448 -0.3834 0.1773 0.8874 1.229 0.5949 -0.7448 -0.2392 0.5949 -0.7448 -1.42 0.5949 -0.7448 0.04884 0.5949 -0.7448 -0.3834 0.1773 0.8874 0.7143 -1.47 -0.9734 2.41 0.5949 -0.7448 0.9413 0.5949 -0.7448 -0.2392 0.5949 -0.7448 1.229 0.5949 -0.7448 -0.1532 -0.9849 0.8951 0 0 0 0 0 0 0 0 0 0 0 0 0 0 0 0 0 0 0 0 0 0 0 0 0 0 0 0 0 0 0 0 0 0 0 0 0 0 0 0 0 0 0 0 0 0 0 0 0 0 0 0 -6.247e-09 -6.247e-09 
-0.03669 -0.009151 0.4105 -0.03669 -0.009151 0.4105 -0.002335 0.796 -0.3731 0.002335 0.796 -0.3731 -0.5949 0.796 -0.3731 -0.5996 0.796 -0.3731 -0.6406 -0.1115 0.5917 -0.002335 0.796 -0.3731 0.002335 0.796 -0.3731 -0.5949 0.796 -0.3731 -0.5996 0.796 -0.3731 -0.6406 -0.1115 0.5917 -0.1305 -0.6513 -0.2902 0.5949 1.174 0.7493 0.5996 0.425 0.7517 0.002335 0.4227 0.00259 -0.002335 1.172 0.0002359 -0.5233 -0.7052 -0.578 0 0 0 0 0 0 0 0 0 0 0 0 0 0 0 0 0 0 0 0 0 0 0 0 0 0 0 0 0 0 0 0 0 0 0 0 0 0 0 0 0 0 0 0 0 0 0 0 0 0 0 0 0.7491 0.7491 
0.3541 0.009545 0.9982 0.3541 0.009545 0.9982 -0.7429 -0.0009229 0.5036 0.7429 -0.0009229 0.5036 0.7448 -0.0009229 0.5036 -0.7411 -0.0009229 0.5036 -0.02103 -0.7572 -0.4814 -0.7429 -0.0009229 0.5036 0.7429 -0.0009229 0.5036 0.7448 -0.0009229 0.5036 -0.7411 -0.0009229 0.5036 -0.02103 -0.7572 -0.4814 -0.1272 -0.1079 -0.4028 -0.7448 0.7493 2.731 0.7411 -0.7372 2.736 0.7429 -0.7418 1.249 -0.7429 0.7447 1.244 -0.03291 -0.7594 -2.828 0 0 0 0 0 0 0 0 0 0 0 0 0 0 0 0 0 0 0 0 0 0 0 0 0 0 0 0 0 0 0 0 0 0 0 0 0 0 0 0 0 0 0 0 0 0 0 0 0 0 0 0 1.486 1.486 
0.978 -0.3475 0.5447 0.978 -0.3475 0.5447 -0.2392 0.5996 0.7411 1.229 0.5996 0.7411 0.04884 0.5996 0.7411 -1.42 0.5996 0.7411 -0.574 -1.345 -0.5308 -0.2392 0.5996 0.7411 1.229 0.5996 0.7411 0.04884 0.5996 0.7411 -1.42 0.5996 0.7411 -0.574 -1.345 -0.5308 1.293 -1.471 0.523 0.9413 0.5996 0.7411 2.41 0.5996 0.7411 1.229 0.5996 0.7411 -0.2392 0.5996 0.7411 -0.3572 -2.515 -0.5125 0 0 0 0 0 0 0 0 0 0 0 0 0 0 0 0 0 0 0 0 0 0 0 0 0 0 0 0 0 0 0 0 0 0 0 0 0 0 0 0 0 0 0 0 0 0 0 0 0 0 0 0 6.246e-09 6.246e-09 
-0.2735 -0.06666 -0.2929 -0.2735 -0.06666 -0.2929 -0.002335 0.7984 0.3713 0.002335 0.7984 0.3713 -0.5949 0.7984 0.3713 -0.5996 0.7984 0.3713 -0.8597 -0.1489 -0.1187 -0.002335 0.7984 0.3713 0.002335 0.7984 0.3713 -0.5949 0.7984 0.3713 -0.5996 0.7984 0.3713 -0.8597 -0.1489 -0.1187 0.1221 -0.5856 0.407 0.5949 0.425 -0.7372 0.5996 1.165 -0.7395 0.002335 1.167 0.0002506 -0.002335 0.4274 0.002576 -0.7479 -0.7462 1.071 0 0 0 0 0 0 0 0 0 0 0 0 0 0 0 0 0 0 0 0 0 0 0 0 0 0 0 0 0 0 0 0 0 0 0 0 0 0 0 0 0 0 0 0 0 0 0 0 0 0 0 0 -0.7397 -0.7397 
0.3549 0.009725 1 0.3549 0.009725 1 -0.7429 -0.0009303 0.5012 0.7429 -0.0009303 0.5012 0.7448 -0.0009303 0.5012 -0.7411 -0.0009303 0.5012 -0.02034 -0.7571 -0.4791 -0.7429 -0.0009303 0.5012 0.7429 -0.0009303 0.5012 0.7448 -0.0009303 0.5012 -0.7411 -0.0009303 0.5012 -0.02034 -0.7571 -0.4791 -0.128 -0.1081 -0.405 -0.7448 0.7517 2.736 0.7411 -0.7395 2.74 0.7429 -0.7442 1.249 -0.7429 0.747 1.244 -0.03221 -0.7592 -2.833 0 0 0 0 0 0 0 0 0 0 0 0 0 0 0 0 0 0 0 0 0 0 0 0 0 0 0 0 0 0 0 0 0 0 0 0 0 0 0 0 0 0 0 0 0 0 0 0 0 0 0 0 1.491 1.491 
0.3883 -0.4907 0.7549 0.3883 -0.4907 0.7549 -0.2392 0.002335 0.7429 1.229 0.002335 0.7429 1.229 0.002335 0.7429 -0.2392 0.002335 0.7429 -0.01213 -1.249 -0.7091 -0.2392 0.002335 0.7429 1.229 0.002335 0.7429 1.229 0.002335 0.7429 -0.2392 0.002335 0.7429 -0.01213 -1.249 -0.7091 0.4142 -0.4796 0.7482 -0.2392 0.002335 0.7429 1.229 0.002335 0.7429 1.229 0.002335 0.7429 -0.2392 0.002335 0.7429 -0.01299 -1.252 -0.7038 0 0 0 0 0 0 0 0 0 0 0 0 0 0 0 0 0 0 0 0 0 0 0 0 0 0 0 0 0 0 0 0 0 0 0 0 0 0 0 0 0 0 0 0 0 0 0 0 0 0 0 0 6.246e-09 6.246e-09 
-0.2742 -0.06684 -0.2951 -0.2742 -0.06684 -0.2951 -0.002335 0.7984 0.3736 0.002335 0.7984 0.3736 -0.5949 0.7984 0.3736 -0.5996 0.7984 0.3736 -0.8603 -0.149 -0.121 -0.002335 0.7984 0.3736 0.002335 0.7984 0.3736 -0.5949 0.7984 0.3736 -0.5996 0.7984 0.3736 -0.8603 -0.149 -0.121 0.1229 -0.5854 0.4091 0.5949 0.4227 -0.7418 0.5996 1.167 -0.7442 0.002335 1.169 0.0002433 -0.002335 0.425 0.002583 -0.7486 -0.7464 1.076 0 0 0 0 0 0 0 0 0 0 0 0 0 0 0 0 0 0 0 0 0 0 0 0 0 0 0 0 0 0 0 0 0 0 0 0 0 0 0 0 0 0 0 0 0 0 0 0 0 0 0 0 -0.7444 -0.7444 
0.1181 -0.04778 0.297 0.1181 -0.04778 0.297 -0.7429 0.001409 1.246 0.7429 0.001409 1.246 0.7448 0.001409 1.246 -0.7411 0.001409 1.246 -0.2394 -0.7945 -1.19 -0.7429 0.001409 1.246 0.7429 0.001409 1.246 0.7448 0.001409 1.246 -0.7411 0.001409 1.246 -0.2394 -0.7945 -1.19 0.1247 -0.0424 0.2922 -0.7448 0.00259 1.249 0.7411 0.0002506 1.249 0.7429 0.0002433 1.247 -0.7429 0.002583 1.247 -0.2568 -0.8003 -1.185 0 0 0 0 0 0 0 0 0 0 0 0 0 0 0 0 0 0 0 0 0 0 0 0 0 0 0 0 0 0 0 0 0 0 0 0 0 0 0 0 0 0 0 0 0 0 0 0 0 0 0 0 0.00234 0.00234 
-0.1546 -0.4714 -0.7549 -0.1546 -0.4714 -0.7549 1.229 -0.002335 -0.7429 -0.2392 -0.002335 -0.7429 -0.2392 -0.002335 -0.7429 1.229 -0.002335 -0.7429 0.1785 0.273 0.7091 1.229 -0.002335 -0.7429 -0.2392 -0.002335 -0.7429 -0.2392 -0.002335 -0.7429 1.229 -0.002335 -0.7429 0.1785 0.273 0.7091 -0.165 -0.4786 -0.7482 1.229 -0.002335 -0.7429 -0.2392 -0.002335 -0.7429 -0.2392 -0.002335 -0.7429 1.229 -0.002335 -0.7429 0.1911 0.2781 0.7038 0 0 0 0 0 0 0 0 0 0 0 0 0 0 0 0 0 0 0 0 0 0 0 0 0 0 0 0 0 0 0 0 0 0 0 0 0 0 0 0 0 0 0 0 0 0 0 0 0 0 0 0 -6.246e-09 -6.246e-09 
-0.03744 -0.009331 0.4083 -0.03744 -0.009331 0.4083 -0.002335 0.796 -0.3708 0.002335 0.796 -0.3708 -0.5949 0.796 -0.3708 -0.5996 0.796 -0.3708 -0.6412 -0.1117 0.5895 -0.002335 0.796 -0.3708 0.002335 0.796 -0.3708 -0.5949 0.796 -0.3708 -0.5996 0.796 -0.3708 -0.6412 -0.1117 0.5895 -0.1297 -0.6511 -0.288 0.5949 1.172 0.7447 0.5996 0.4274 0.747 0.002335 0.425 0.002583 -0.002335 1.169 0.0002433 -0.524 -0.7053 -0.5728 0 0 0 0 0 0 0 0 0 0 0 0 0 0 0 0 0 0 0 0 0 0 0 0 0 0 0 0 0 0 0 0 0 0 0 0 0 0 0 0 0 0 0 0 0 0 0 0 0 0 0 0 0.7444 0.7444 
0.1173 -0.04796 0.2948 0.1173 -0.04796 0.2948 -0.7429 0.001417 1.248 0.7429 0.001417 1.248 0.7448 0.001417 1.248 -0.7411 0.001417 1.248 -0.2401 -0.7946 -1.192 -0.7429 0.001417 1.248 0.7429 0.001417 1.248 0.7448 0.001417 1.248 -0.7411 0.001417 1.248 -0.2401 -0.7946 -1.192 0.1255 -0.04219 0.2944 -0.7448 0.0002359 1.244 0.7411 0.002576 1.244 0.7429 0.002583 1.247 -0.7429 0.0002433 1.247 -0.2576 -0.8004 -1.179 0 0 0 0 0 0 0 0 0 0 0 0 0 0 0 0 0 0 0 0 0 0 0 0 0 0 0 0 0 0 0 0 0 0 0 0 0 0 0 0 0 0 0 0 0 0 0 0 0 0 0 0 -0.00234 -0.00234 
0.5185 -0.02875 0.149 0.5185 -0.02875 0.149 0.1911 -0.6367 -0.3695 -0.01299 -0.6367 -0.3695 0.3313 -0.6367 -0.3695 0.5353 -0.6367 -0.3695 0.8983 0.09377 0.2605 0.1911 -0.6367 -0.3695 -0.01299 -0.6367 -0.3695 0.3313 -0.6367 -0.3695 0.5353 -0.6367 -0.3695 0.8983 0.09377 0.2605 0.3594 0.2939 -0.07377 -0.1532 -0.5233 -0.03291 -0.3572 -0.7479 -0.03221 -0.01299 -0.7486 -0.2568 0.1911 -0.524 -0.2576 0.8393 0.444 -0.1153 0 0 0 0.1417 0.1634 0.03575 0 0 0 0.124 0.1772 0.03575 0 0 0 0.1428 0.1615 0.03993 0 0 0 0.1273 0.1739 0.03993 0.1394 -0.0412 0.164 -0.02587 0.2022 0.02025 -0.004589 0.09987 0.02025 0.004445 0.1955 -0.04338 -0.01258 0.2774 -0.04338 -0.08742 0.2774 0.1213 -0.0704 0.1955 0.1213 -0.07147 -0.1473 0.1457 0 0 0 0 0.2246 0.2246 
-1.012 1939 -3.967 -1.012 1939 -3.967 0.2781 -0.7259 -0.8209 -1.252 -0.7259 -0.8209 0.01091 -0.7259 -0.8209 1.541 -0.7259 -0.8209 0.6839 1893 7.825 0.2781 -0.7259 -0.8209 -1.252 -0.7259 -0.8209 0.01091 -0.7259 -0.8209 1.541 -0.7259 -0.8209 0.6839 1893 7.825 -1.374 1818 -15.3 -0.9849 -0.7052 -0.7594 -2.515 -0.7462 -0.7592 -1.252 -0.7464 -0.8003 0.2781 -0.7053 -0.8004 0.444 1770 0.4819 0 0 0 -0.07852 2.306e+06 -2.864e+07 0 0 0 -0.07992 2.306e+06 -2.712e+07 0 0 0 -0.06031 2.049e+06 -2.88e+07 0 0 0 -0.06194 2.049e+06 -2.749e+07 -0.0766 1387 152.9 -0.01695 0.04684 0.003704 -0.01306 0.02813 0.003704 -0.1527 -1.035 -0.00793 -0.1558 -1.02 -0.00793 0.7775 -1.02 0.02218 0.7807 -1.035 0.02218 0.6863 -0.08389 0.02664 0 0 0 0 0.04107 0.04107 
-0.3288 2.582 1934 -0.3288 2.582 1934 0.7038 0.2542 -0.3575 -0.7038 0.2542 -0.3575 -0.8951 0.2542 -0.3575 0.5125 0.2542 -0.3575 -0.1719 -7.099 1892 0.7038 0.2542 -0.3575 -0.7038 0.2542 -0.3575 -0.8951 0.2542 -0.3575 0.5125 0.2542 -0.3575 -0.1719 -7.099 1892 0.265 10.45 1812 0.8951 -0.578 -2.828 -0.5125 1.071 -2.833 -0.7038 1.076 -1.185 0.7038 -0.5728 -1.179 -0.1153 0.4819 1770 0 0 0 -0.09948 3.151e+07 1.574e+06 0 0 0 -0.1438 3.151e+07 1.349e+06 0 0 0 -0.09459 3.155e+07 1.687e+06 0 0 0 -0.1344 3.155e+07 1.565e+06 -0.1051 -122.4 1537 -0.02641 0.1035 0.06154 0.03825 -0.2075 0.06154 0.03648 -0.1404 -0.1318 -0.01524 0.1084 -0.1318 -0.04678 0.1084 0.3687 0.004949 -0.1404 0.3687 -0.01778 0.05354 0.4428 0 0 0 0 -1.649 -1.649 
0 0 0 0 0 0 0 0 0 0 0 0 0 0 0 0 0 0 0 0 0 0 0 0 0 0 0 0 0 0 0 0 0 0 0 0 0 0 0 0 0 0 0 0 0 0 0 0 0 0 0 0 0 0 0.3257 0.05226 0.003906 0.07003 -8764 -4370 0.124 0.05226 0.003677 0.02344 -8764 -8177 0.0966 0.05253 0.003906 0.01536 -7780 -3910 -0.105 0.05253 0.003677 -0.02536 -7780 -7343 0.05707 -0.3315 0.01509 0 0 0 0 0 0 0 0 0 0 0 0 0 0 0 0 0 0 0 0 0 -0.1515 -0.1515 -0.1515 -0.1515 0 0 
0 0 0 0 0 0 0 0 0 0 0 0 0 0 0 0 0 0 0 0 0 0 0 0 0 0 0 0 0 0 0 0 0 0 0 0 0 0 0 0 0 0 0 0 0 0 0 0 0 0 0 0 0 0 0.05226 35.2 -0.0543 0.04363 -2.468e+04 -1709 -0.05225 0.2027 0.0543 -0.1022 -2.468e+04 -3198 0.05225 0.07141 -0.0543 0.05865 -2.429e+04 -1587 -0.05226 0.07141 0.0543 -0.07164 -2.429e+04 -2981 0.02513 -0.03711 0.2061 0 0 0 0 0 0 0 0 0 0 0 0 0 0 0 0 0 0 0 0 0 -9.319e-06 -9.319e-06 -9.319e-06 -9.319e-06 0 0 
0 0 0 0 0 0 0 0 0 0 0 0 0 0 0 0 0 0 0 0 0 0 0 0 0 0 0 0 0 0 0 0 0 0 0 0 0 0 0 0 0 0 0 0 0 0 0 0 0 0 0 0 0 0 0.003906 -0.0543 0.8731 -0.1417 1.651e+04 -5.671e+05 0.003676 -0.0543 0.06489 -0.04891 1.651e+04 -862.2 -0.003614 0.05353 0.1541 -0.1563 1.661e+04 -364.7 -0.003844 0.05353 0.06489 -0.07352 1.661e+04 -684.8 -0.1306 -0.03511 -0.08738 0 0 0 0 0 0 0 0 0 0 0 0 0 0 0 0 0 0 0 0 0 -0.004969 -0.004969 -0.004969 2.393 0 0 
0.1452 -0.07044 -0.1004 0.1452 -0.07044 -0.1004 0 0 0 0 0 0 0 0 0 0 0 0 0.1429 -0.07984 -0.0966 0 0 0 0 0 0 0 0 0 0 0 0 0.1429 -0.07984 -0.0966 0.1439 -0.06871 -0.1035 0 0 0 0 0 0 0 0 0 0 0 0 0.1417 -0.07852 -0.09948 0.07003 0.04363 -0.1417 0.3242 -1.556e+04 -596.2 0.02518 0.04363 -0.06825 0.241 -1.556e+04 -1116 0.02507 -0.04517 -0.1417 0.3217 -1.542e+04 -572.8 -0.01978 -0.04517 -0.06825 0.248 -1.542e+04 -1076 0.3125 -0.1067 0.03066 -0.01129 0.1369 -0.007589 -0.01927 0.1753 -0.007589 -0.001113 0.3042 0.01625 0.005266 0.2735 0.01625 -0.1111 0.2735 -0.04547 -0.1175 0.3042 -0.04547 -0.1027 -0.1503 -0.05461 -0.02975 -0.02975 -0.02975 -0.02975 0 0 
0.1653 2.586e+06 3.458e+07 0.1653 2.586e+06 3.458e+07 0 0 0 0 0 0 0 0 0 0 0 0 0.1538 2.3e+06 3.372e+07 0 0 0 0 0 0 0 0 0 0 0 0 0.1538 2.3e+06 3.372e+07 0.1751 2.598e+06 3.238e+07 0 0 0 0 0 0 0 0 0 0 0 0 0.1634 2.306e+06 3.151e+07 -8764 -2.468e+04 1.651e+04 -1.556e+04 5.729e+11 2.112e+08 8771 -2.468e+04 -1.651e+04 2.212e+04 5.729e+11 3.964e+08 -8770 1.524e+04 1.651e+04 -1.988e+04 5.726e+11 1.754e+09 8764 1.524e+04 -1.651e+04 1.38e+04 5.726e+11 3.294e+09 -1.083e+04 -8.375e+05 2.76e+07 -0.03566 0.1812 0.06444 0.03206 -0.1445 0.06444 0.02732 -0.09635 -0.138 -0.02685 0.1642 -0.138 -0.04048 0.1642 0.3861 0.01369 -0.09635 0.3861 -0.01204 -0.01771 0.4637 -1.604 -1.604 -1.604 -1.604 0 0 
0.07534 -3.13e+07 2.616e+06 0.07534 -3.13e+07 2.616e+06 0 0 0 0 0 0 0 0 0 0 0 0 0.02684 -3.097e+07 1.395e+06 0 0 0 0 0 0 0 0 0 0 0 0 0.02684 -3.097e+07 1.395e+06 0.08719 -2.899e+07 2.858e+06 0 0 0 0 0 0 0 0 0 0 0 0 0.03575 -2.864e+07 1.574e+06 -4370 -1709 -5.671e+05 -596.2 2.112e+08 1.013e+12 4370 -1709 460.8 456.8 2.105e+08 5.633e+11 -4370 -2824 -460.8 -362.1 -1.572e+09 5.661e+11 4370 -2824 460.8 573.9 -1.572e+09 5.645e+11 -422 -2.762e+07 -8.41e+05 0.01598 -0.04704 4.94e-06 0.01599 -0.04707 4.94e-06 0.1546 1.013 -1.43e-05 0.1546 1.013 -1.43e-05 -0.7749 1.013 4.124e-05 -0.7749 1.013 4.124e-05 -0.6824 0.09326 4.715e-05 -0.1072 -0.1072 -0.1072 -1.89e+06 0 0 
0 0 0 0 0 0 0 0 0 0 0 0 0 0 0 0 0 0 0 0 0 0 0 0 0 0 0 0 0 0 0 0 0 0 0 0 0 0 0 0 0 0 0 0 0 0 0 0 0 0 0 0 0 0 0.124 -0.05225 0.003676 0.02518 8771 4370 0.3257 -0.05225 0.003908 0.0701 8770 8177 -0.105 -0.05253 0.003676 -0.02445 7786 3910 0.0966 -0.05253 0.003908 0.01639 7786 7343 0.02554 -0.1732 -0.0195 0 0 0 0 0 0 0 0 0 0 0 0 0 0 0 0 0 0 0 0 0 -0.1515 -0.1515 -0.1515 -0.1515 0 0 
0 0 0 0 0 0 0 0 0 0 0 0 0 0 0 0 0 0 0 0 0 0 0 0 0 0 0 0 0 0 0 0 0 0 0 0 0 0 0 0 0 0 0 0 0 0 0 0 0 0 0 0 0 0 0.05226 0.2027 -0.0543 0.04363 -2.468e+04 -1709 -0.05225 35.2 0.0543 -0.1022 -2.468e+04 -3198 0.05225 0.07141 -0.0543 0.05865 -2.429e+04 -1587 -0.05226 0.07141 0.0543 -0.07164 -2.429e+04 -2981 0.02513 -0.03711 0.2061 0 0 0 0 0 0 0 0 0 0 0 0 0 0 0 0 0 0 0 0 0 -9.319e-06 -9.319e-06 -9.319e-06 -9.319e-06 0 0 
0 0 0 0 0 0 0 0 0 0 0 0 0 0 0 0 0 0 0 0 0 0 0 0 0 0 0 0 0 0 0 0 0 0 0 0 0 0 0 0 0 0 0 0 0 0 0 0 0 0 0 0 0 0 0.003677 0.0543 0.06489 -0.06825 -1.651e+04 460.8 0.003908 0.0543 0.8731 -0.1573 -1.651e+04 -5.559e+05 -0.003845 -0.05353 0.06489 -0.0584 -1.661e+04 364.7 -0.003615 -0.05353 0.1541 -0.1382 -1.661e+04 684.7 -0.07954 -0.02315 0.05811 0 0 0 0 0 0 0 0 0 0 0 0 0 0 0 0 0 0 0 0 0 -0.004984 -0.004984 2.393 -0.004984 0 0 
0.1274 -0.07292 -0.1446 0.1274 -0.07292 -0.1446 0 0 0 0 0 0 0 0 0 0 0 0 0.1263 -0.08086 -0.1413 0 0 0 0 0 0 0 0 0 0 0 0 0.1263 -0.08086 -0.1413 0.125 -0.07175 -0.1472 0 0 0 0 0 0 0 0 0 0 0 0 0.124 -0.07992 -0.1438 0.02344 -0.1022 -0.04891 0.241 2.212e+04 456.8 0.0701 -0.1022 -0.1573 0.3703 2.212e+04 854.8 -0.02073 0.02895 -0.04891 0.2142 2.201e+04 466.7 0.02593 0.02895 -0.1573 0.3304 2.201e+04 876.4 0.256 -0.0794 -0.1845 -0.007552 0.1175 -0.0142 -0.02247 0.1893 -0.0142 -0.003928 0.3125 0.03042 0.008008 0.2551 0.03042 -0.1063 0.2551 -0.08508 -0.1183 0.3125 -0.08508 -0.1009 -0.1477 -0.1022 -0.02922 -0.02922 -0.02922 -0.02922 0 0 
0.1794 2.586e+06 3.458e+07 0.1794 2.586e+06 3.458e+07 0 0 0 0 0 0 0 0 0 0 0 0 0.1677 2.3e+06 3.372e+07 0 0 0 0 0 0 0 0 0 0 0 0 0.1677 2.3e+06 3.372e+07 0.189 2.598e+06 3.238e+07 0 0 0 0 0 0 0 0 0 0 0 0 0.1772 2.306e+06 3.151e+07 -8764 -2.468e+04 1.651e+04 -1.556e+04 5.729e+11 2.105e+08 8770 -2.468e+04 -1.651e+04 2.212e+04 5.729e+11 3.951e+08 -8770 1.524e+04 1.651e+04 -1.988e+04 5.726e+11 1.753e+09 8764 1.524e+04 -1.651e+04 1.38e+04 5.726e+11 3.293e+09 -1.083e+04 -8.374e+05 2.76e+07 -0.03663 0.1944 0.06332 0.0299 -0.1256 0.06332 0.02706 -0.06444 -0.1356 -0.02617 0.1916 -0.1356 -0.05173 0.1916 0.3793 0.001496 -0.06444 0.3793 -0.02257 -0.03314 0.4556 -1.607 -1.607 -1.607 -1.607 0 0 
0.07534 -2.961e+07 2.55e+06 0.07534 -2.961e+07 2.55e+06 0 0 0 0 0 0 0 0 0 0 0 0 0.02684 -2.942e+07 1.124e+06 0 0 0 0 0 0 0 0 0 0 0 0 0.02684 -2.942e+07 1.124e+06 0.0872 -2.734e+07 2.834e+06 0 0 0 0 0 0 0 0 0 0 0 0 0.03575 -2.712e+07 1.349e+06 -8177 -3198 -862.2 -1116 3.964e+08 5.633e+11 8177 -3198 -5.559e+05 854.8 3.951e+08 9.977e+11 -8177 -5283 -862.2 -677.5 -2.939e+09 5.625e+11 8177 -5283 862.1 1074 -2.94e+09 5.664e+11 -789.7 -2.751e+07 -8.465e+05 0.01598 -0.04704 4.94e-06 0.01598 -0.04707 4.94e-06 0.1546 1.013 -1.43e-05 0.1546 1.013 -1.43e-05 -0.7749 1.013 4.124e-05 -0.7749 1.013 4.124e-05 -0.6824 0.09326 4.715e-05 -0.07117 -0.07117 -1.857e+06 -0.07117 0 0 
