A: 
8.386 11.51 -208.5 8.384 10.24 -182.8 -13.84 10.87 -195.7 -12.24 10.84 -195 -13.99 11.24 -202.8 -11.95 10.84 -195 -13.7 10.43 -187.2 -10.35 10.82 -194.7 -12.1 10.82 -194.7 324 2.984e+05 -5.752e+06 324.5 2.984e+05 -5.752e+06 325.2 2.984e+05 -5.752e+06 325.8 2.984e+05 -5.752e+06 326 2.984e+05 -5.752e+06 325.5 2.984e+05 -5.752e+06 324.8 2.984e+05 -5.752e+06 324.1 2.984e+05 -5.752e+06 -11.01 10.84 -194.9 8.599 11.26 -203.4 -11.43 10.84 -194.9 8.171 10.42 -186.5 332.2 2.879e+05 -5.812e+06 332.7 2.879e+05 -5.812e+06 333.3 2.879e+05 -5.812e+06 333.6 2.879e+05 -5.812e+06 333.5 2.879e+05 -5.812e+06 333 2.879e+05 -5.812e+06 332.4 2.879e+05 -5.812e+06 332 2.879e+05 -5.812e+06 2.282e+04 1407 2.532e+04 2.568e+04 1410 2.537e+04 -2.569e+04 1410 2.537e+04 -2.854e+04 1407 2.532e+04 5.752e+06 -2.977e+05 -13.49 -5.752e+06 2.977e+05 -13.49 0 0 0 
11.51 31.56 -1.281 11.5 27.16 -0.993 11.26 29.04 -1.137 12.49 28.94 -1.027 11.14 30.27 -1.225 12.71 28.94 -1.008 11.37 27.58 -1.035 13.94 28.91 -0.9021 12.6 28.9 -1.014 1068 9.981e+05 -6.308e+04 1069 9.981e+05 -6.308e+04 1069 9.981e+05 -6.308e+04 1069 9.981e+05 -6.308e+04 1068 9.981e+05 -6.308e+04 1068 9.981e+05 -6.308e+04 1068 9.981e+05 -6.308e+04 1068 9.981e+05 -6.308e+04 13.25 28.95 -0.9624 11.49 30.7 -1.226 13.29 28.94 -0.9587 11.52 27.78 -1.032 1066 9.977e+05 -6.521e+04 1066 9.977e+05 -6.521e+04 1066 9.977e+05 -6.521e+04 1066 9.977e+05 -6.521e+04 1066 9.977e+05 -6.521e+04 1066 9.977e+05 -6.521e+04 1066 9.977e+05 -6.521e+04 1066 9.977e+05 -6.521e+04 -7472 3689 28.08 153.4 3697 166.2 -183.7 3835 166.2 -7809 3827 28.08 6.32e+04 -9.981e+05 11.23 -6.32e+04 9.981e+05 11.23 0 0 0 
-208.5 -1.281 1.153e+04 -208.5 -0.9926 1.013e+04 1010 -2.247 1.083e+04 941.2 -2.176 1.079e+04 1016 -2.348 1.122e+04 928.7 -2.165 1.079e+04 1004 -2.129 1.036e+04 860.1 -2.098 1.078e+04 935 -2.167 1.078e+04 -282.9 -7.658e+04 3.185e+08 -305.5 -7.658e+04 3.185e+08 -346.5 -7.658e+04 3.185e+08 -382 -7.658e+04 3.185e+08 -391.1 -7.658e+04 3.185e+08 -368.5 -7.658e+04 3.185e+08 -327.4 -7.658e+04 3.185e+08 -292 -7.658e+04 3.185e+08 885.5 -2.126 1.079e+04 -220.5 -1.213 1.126e+04 909.5 -2.148 1.079e+04 -196.5 -1.045 1.033e+04 -1356 -6.528e+04 3.185e+08 -1382 -6.528e+04 3.185e+08 -1416 -6.528e+04 3.185e+08 -1436 -6.528e+04 3.185e+08 -1432 -6.528e+04 3.185e+08 -1405 -6.528e+04 3.185e+08 -1372 -6.528e+04 3.185e+08 -1351 -6.528e+04 3.185e+08 -1.421e+06 -1593 -1.404e+06 -1.421e+06 -1594 -1.404e+06 1.421e+06 1261 -1.404e+06 1.421e+06 1261 -1.404e+06 -3.185e+08 3.87e+04 989.6 3.185e+08 -3.87e+04 989.6 0 0 0 
8.384 11.5 -208.5 8.383 10.23 -182.8 -13.84 10.87 -195.6 -12.24 10.83 -195 -13.99 11.24 -202.8 -11.95 10.83 -195 -13.7 10.43 -187.2 -10.35 10.82 -194.7 -12.1 10.82 -194.7 323.6 2.98e+05 -5.752e+06 324 2.98e+05 -5.752e+06 324.8 2.98e+05 -5.752e+06 325.4 2.98e+05 -5.752e+06 325.5 2.98e+05 -5.752e+06 325.1 2.98e+05 -5.752e+06 324.3 2.98e+05 -5.752e+06 323.7 2.98e+05 -5.752e+06 -11.01 10.83 -194.9 8.598 11.25 -203.4 -11.44 10.83 -194.9 8.17 10.41 -186.5 331.7 2.875e+05 -5.811e+06 332.2 2.875e+05 -5.811e+06 332.8 2.875e+05 -5.811e+06 333.2 2.875e+05 -5.811e+06 333.1 2.875e+05 -5.811e+06 332.6 2.875e+05 -5.811e+06 332 2.875e+05 -5.811e+06 331.6 2.875e+05 -5.811e+06 2.282e+04 1406 2.532e+04 2.568e+04 1409 2.537e+04 -2.569e+04 1409 2.537e+04 -2.854e+04 1406 2.532e+04 5.752e+06 -2.973e+05 -13.49 -5.752e+06 2.973e+05 -13.49 0 0 0 
10.24 27.16 -0.9926 10.23 24.47 -0.968 10.21 25.49 -0.9803 10.96 25.44 -0.8764 10.15 26.24 -0.9994 11.09 25.44 -0.8577 10.28 24.61 -0.9595 11.83 25.43 -0.7543 11.02 25.41 -0.8667 652.7 6.066e+05 -7829 652.7 6.066e+05 -7829 652.8 6.066e+05 -7829 652.7 6.066e+05 -7829 652.6 6.066e+05 -7829 652.6 6.066e+05 -7829 652.5 6.066e+05 -7829 652.6 6.066e+05 -7829 11.41 25.45 -0.8129 10.22 26.63 -0.9896 11.44 25.44 -0.8092 10.25 24.85 -0.9697 651.5 6.07e+05 -5575 651.5 6.07e+05 -5575 651.5 6.07e+05 -5575 651.5 6.07e+05 -5575 651.4 6.07e+05 -5575 651.4 6.07e+05 -5575 651.4 6.07e+05 -5575 651.4 6.07e+05 -5575 -6561 3231 7.812 134.7 3238 145.9 -161.3 3376 145.9 -6857 3369 7.811 7901 -6.066e+05 10.19 -7900 6.066e+05 10.19 0 0 0 
-182.8 -0.993 1.013e+04 -182.8 -0.968 8892 886.4 -2.09 9509 826.2 -2.028 9477 891.8 -2.089 9856 815.2 -2.017 9477 880.9 -2.092 9099 755.1 -1.954 9464 820.7 -2.023 9464 -171.4 5641 2.796e+08 -191.2 5641 2.796e+08 -227.3 5641 2.796e+08 -258.4 5641 2.796e+08 -266.4 5641 2.796e+08 -246.6 5641 2.796e+08 -210.5 5641 2.796e+08 -179.4 5641 2.796e+08 777.3 -1.976 9475 -193.4 -0.9771 9883 798.4 -1.998 9475 -172.3 -0.9825 9068 -1135 -5649 2.795e+08 -1158 -5649 2.795e+08 -1188 -5649 2.795e+08 -1206 -5649 2.795e+08 -1202 -5649 2.795e+08 -1179 -5649 2.795e+08 -1149 -5649 2.795e+08 -1131 -5649 2.795e+08 -1.247e+06 -1573 -1.233e+06 -1.248e+06 -1573 -1.232e+06 1.248e+06 1281 -1.232e+06 1.248e+06 1281 -1.233e+06 -2.796e+08 -3.889e+04 868.6 2.796e+08 3.89e+04 868.6 0 0 0 
-13.84 11.26 1010 -13.84 10.21 886.4 93.09 10.73 948.1 87.36 10.71 944.9 93.61 11.02 982.7 86.32 10.71 944.9 92.57 10.4 907.2 80.59 10.7 943.6 86.84 10.7 943.6 227.3 2.27e+05 2.791e+07 225.3 2.27e+05 2.791e+07 221.7 2.27e+05 2.791e+07 218.6 2.27e+05 2.791e+07 217.8 2.27e+05 2.791e+07 219.7 2.27e+05 2.791e+07 223.3 2.27e+05 2.791e+07 226.4 2.27e+05 2.791e+07 82.65 10.71 944.7 -14.91 11.05 985.5 84.78 10.71 944.7 -12.78 10.36 904 140.8 2.36e+05 2.796e+07 138.5 2.36e+05 2.796e+07 135.6 2.36e+05 2.796e+07 133.8 2.36e+05 2.796e+07 134.1 2.36e+05 2.796e+07 136.4 2.36e+05 2.796e+07 139.4 2.36e+05 2.796e+07 141.2 2.36e+05 2.796e+07 -1.273e+05 1389 -1.227e+05 -1.245e+05 1392 -1.229e+05 1.245e+05 1392 -1.229e+05 1.216e+05 1389 -1.227e+05 -2.791e+07 -2.303e+05 91.31 2.791e+07 2.303e+05 91.31 0 0 0 
10.87 29.04 -2.247 10.87 25.49 -2.09 10.73 27.77 -2.168 11.72 27.65 -2.326 10.65 28.77 -2.198 11.9 27.65 -2.356 10.82 26.59 -2.131 12.89 27.58 -2.516 11.81 27.61 -2.339 860.7 8.024e+05 -3.557e+04 860.8 8.024e+05 -3.557e+04 860.8 8.024e+05 -3.557e+04 860.7 8.024e+05 -3.557e+04 860.6 8.024e+05 -3.557e+04 860.5 8.024e+05 -3.557e+04 860.5 8.024e+05 -3.557e+04 860.6 8.024e+05 -3.557e+04 12.33 27.62 -2.426 10.85 28.33 -2.213 12.37 27.63 -2.432 10.88 26 -2.115 858.7 8.024e+05 -3.562e+04 858.7 8.024e+05 -3.562e+04 858.7 8.024e+05 -3.562e+04 858.6 8.024e+05 -3.562e+04 858.6 8.024e+05 -3.562e+04 858.5 8.024e+05 -3.562e+04 858.5 8.024e+05 -3.562e+04 858.6 8.024e+05 -3.562e+04 -7016 3864 827 144 3871 157.7 -172.5 3202 157.7 -7333 3194 827 3.566e+04 -8.024e+05 10.71 -3.566e+04 8.024e+05 10.71 0 0 0 
-195.7 -1.137 1.083e+04 -195.6 -0.9803 9509 948.1 -2.168 1.017e+04 883.7 -2.102 1.014e+04 954 -2.218 1.054e+04 872 -2.091 1.014e+04 942.3 -2.111 9731 807.6 -2.026 1.012e+04 877.8 -2.095 1.012e+04 -227.1 -3.547e+04 2.99e+08 -248.4 -3.547e+04 2.99e+08 -286.9 -3.547e+04 2.99e+08 -320.2 -3.547e+04 2.99e+08 -328.7 -3.547e+04 2.99e+08 -307.5 -3.547e+04 2.99e+08 -269 -3.547e+04 2.99e+08 -235.7 -3.547e+04 2.99e+08 831.4 -2.051 1.013e+04 -207 -1.095 1.057e+04 854 -2.073 1.013e+04 -184.4 -1.014 9697 -1245 -3.547e+04 2.99e+08 -1270 -3.547e+04 2.99e+08 -1302 -3.547e+04 2.99e+08 -1321 -3.547e+04 2.99e+08 -1317 -3.547e+04 2.99e+08 -1292 -3.547e+04 2.99e+08 -1261 -3.547e+04 2.99e+08 -1241 -3.547e+04 2.99e+08 -1.334e+06 -1583 -1.318e+06 -1.334e+06 -1583 -1.318e+06 1.334e+06 1271 -1.318e+06 1.335e+06 1271 -1.318e+06 -2.99e+08 -96.1 929.1 2.99e+08 96.03 929.1 0 0 0 
-12.24 12.49 941.2 -12.24 10.96 826.2 87.36 11.72 883.7 82.18 11.68 880.7 87.84 12.14 915.9 81.24 11.68 880.7 86.89 11.22 845.6 76.06 11.67 879.5 81.71 11.67 879.5 347.6 3.392e+05 2.6e+07 345.8 3.392e+05 2.6e+07 342.5 3.392e+05 2.6e+07 339.6 3.392e+05 2.6e+07 338.8 3.392e+05 2.6e+07 340.6 3.392e+05 2.6e+07 343.9 3.392e+05 2.6e+07 346.8 3.392e+05 2.6e+07 77.89 11.68 880.5 -13.23 12.19 918.5 79.87 11.68 880.5 -11.25 11.17 842.6 266.1 3.469e+05 2.604e+07 263.9 3.469e+05 2.604e+07 261.2 3.469e+05 2.604e+07 259.5 3.469e+05 2.604e+07 259.8 3.469e+05 2.604e+07 261.9 3.469e+05 2.604e+07 264.7 3.469e+05 2.604e+07 266.4 3.469e+05 2.604e+07 -1.191e+05 1517 -1.143e+05 -1.16e+05 1520 -1.146e+05 1.16e+05 1520 -1.146e+05 1.129e+05 1517 -1.143e+05 -2.6e+07 -3.423e+05 85.7 2.6e+07 3.423e+05 85.7 0 0 0 
10.84 28.94 -2.176 10.83 25.44 -2.028 10.71 27.65 -2.102 11.68 27.54 -2.244 10.62 28.63 -2.143 11.86 27.53 -2.271 10.8 26.49 -2.051 12.83 27.47 -2.416 11.77 27.5 -2.255 848 7.905e+05 -4.407e+04 848.1 7.905e+05 -4.407e+04 848.1 7.905e+05 -4.407e+04 848 7.905e+05 -4.407e+04 847.9 7.905e+05 -4.407e+04 847.9 7.905e+05 -4.407e+04 847.8 7.905e+05 -4.407e+04 847.9 7.905e+05 -4.407e+04 12.29 27.51 -2.336 10.82 28.25 -2.144 12.32 27.52 -2.341 10.85 25.95 -2.052 847.9 7.923e+05 -3.349e+04 848 7.923e+05 -3.349e+04 848 7.923e+05 -3.349e+04 847.9 7.923e+05 -3.349e+04 847.8 7.923e+05 -3.349e+04 847.8 7.923e+05 -3.349e+04 847.8 7.923e+05 -3.349e+04 847.9 7.923e+05 -3.349e+04 -6993 3829 781 143.6 3837 157.1 -171.9 3213 157.1 -7308 3205 781 4.416e+04 -7.905e+05 10.68 -4.416e+04 7.905e+05 10.68 0 0 0 
-195 -1.027 1.079e+04 -195 -0.8764 9477 944.9 -2.326 1.014e+04 880.7 -2.244 1.01e+04 950.8 -2.388 1.05e+04 869.1 -2.23 1.01e+04 939.1 -2.255 9699 804.9 -2.15 1.009e+04 874.9 -2.235 1.009e+04 -235.3 -4.399e+04 2.98e+08 -256.5 -4.399e+04 2.98e+08 -294.9 -4.399e+04 2.98e+08 -328 -4.399e+04 2.98e+08 -336.5 -4.399e+04 2.98e+08 -315.4 -4.399e+04 2.98e+08 -277 -4.399e+04 2.98e+08 -243.8 -4.399e+04 2.98e+08 828.6 -2.182 1.01e+04 -206.3 -0.9836 1.053e+04 851.1 -2.209 1.01e+04 -183.7 -0.9114 9665 -1240 -3.406e+04 2.98e+08 -1265 -3.406e+04 2.98e+08 -1296 -3.406e+04 2.98e+08 -1315 -3.406e+04 2.98e+08 -1311 -3.406e+04 2.98e+08 -1286 -3.406e+04 2.98e+08 -1255 -3.406e+04 2.98e+08 -1236 -3.406e+04 2.98e+08 -1.33e+06 -1711 -1.314e+06 -1.33e+06 -1712 -1.314e+06 1.33e+06 1400 -1.314e+06 1.33e+06 1400 -1.314e+06 -2.98e+08 8555 926 2.98e+08 -8555 926 0 0 0 
-13.99 11.14 1016 -13.99 10.15 891.8 93.61 10.65 954 87.84 10.62 950.8 94.14 10.91 988.8 86.79 10.62 950.8 93.09 10.33 912.8 81 10.61 949.4 87.31 10.61 949.4 216.5 2.169e+05 2.808e+07 214.5 2.169e+05 2.808e+07 210.9 2.169e+05 2.808e+07 207.8 2.169e+05 2.808e+07 206.9 2.169e+05 2.808e+07 208.9 2.169e+05 2.808e+07 212.5 2.169e+05 2.808e+07 215.6 2.169e+05 2.808e+07 83.09 10.62 950.5 -15.06 10.95 991.6 85.22 10.62 950.5 -12.92 10.29 909.6 129.6 2.261e+05 2.813e+07 127.2 2.261e+05 2.813e+07 124.3 2.261e+05 2.813e+07 122.5 2.261e+05 2.813e+07 122.8 2.261e+05 2.813e+07 125.2 2.261e+05 2.813e+07 128.1 2.261e+05 2.813e+07 129.9 2.261e+05 2.813e+07 -1.28e+05 1377 -1.234e+05 -1.252e+05 1380 -1.237e+05 1.252e+05 1380 -1.237e+05 1.224e+05 1377 -1.234e+05 -2.808e+07 -2.202e+05 91.82 2.808e+07 2.202e+05 91.82 0 0 0 
11.24 30.27 -2.348 11.24 26.24 -2.089 11.02 28.77 -2.218 12.14 28.63 -2.388 10.91 29.93 -2.131 12.35 28.63 -2.418 11.12 27.4 -2.318 13.47 28.55 -2.583 12.24 28.59 -2.405 998.8 9.329e+05 5.823e+04 998.9 9.329e+05 5.823e+04 998.9 9.329e+05 5.823e+04 998.8 9.329e+05 5.823e+04 998.7 9.329e+05 5.823e+04 998.6 9.329e+05 5.823e+04 998.6 9.329e+05 5.823e+04 998.7 9.329e+05 5.823e+04 12.84 28.61 -2.475 11.22 29.47 -2.294 12.88 28.62 -2.481 11.26 26.82 -2.128 975.2 9.123e+05 -5.87e+04 975.3 9.123e+05 -5.87e+04 975.3 9.123e+05 -5.87e+04 975.2 9.123e+05 -5.87e+04 975.1 9.123e+05 -5.87e+04 975 9.123e+05 -5.87e+04 975 9.123e+05 -5.87e+04 975.1 9.123e+05 -5.87e+04 -7272 3995 836.8 149.3 4002 163.4 -178.8 3329 163.4 -7600 3321 836.8 -5.812e+04 -9.329e+05 10.98 5.813e+04 9.329e+05 10.98 0 0 0 
-202.8 -1.225 1.122e+04 -202.8 -0.9994 9856 982.7 -2.198 1.054e+04 915.9 -2.143 1.05e+04 988.8 -2.131 1.093e+04 903.8 -2.132 1.05e+04 976.6 -2.278 1.009e+04 837 -2.074 1.049e+04 909.9 -2.14 1.049e+04 -137.1 5.833e+04 3.106e+08 -159.1 5.833e+04 3.106e+08 -199.1 5.833e+04 3.106e+08 -233.7 5.833e+04 3.106e+08 -242.6 5.833e+04 3.106e+08 -220.6 5.833e+04 3.106e+08 -180.5 5.833e+04 3.106e+08 -146 5.833e+04 3.106e+08 861.7 -2.081 1.05e+04 -214.5 -1.169 1.095e+04 885.1 -2.102 1.05e+04 -191.1 -1.042 1.005e+04 -1306 -5.098e+04 3.099e+08 -1332 -5.098e+04 3.099e+08 -1364 -5.098e+04 3.099e+08 -1384 -5.098e+04 3.099e+08 -1380 -5.098e+04 3.099e+08 -1354 -5.098e+04 3.099e+08 -1322 -5.098e+04 3.099e+08 -1302 -5.098e+04 3.099e+08 -1.383e+06 -1577 -1.366e+06 -1.383e+06 -1577 -1.366e+06 1.383e+06 1253 -1.366e+06 1.383e+06 1254 -1.366e+06 -3.106e+08 -9.526e+04 962.9 3.106e+08 9.527e+04 962.9 0 0 0 
-11.95 12.71 928.7 -11.95 11.09 815.2 86.32 11.9 872 81.24 11.86 869.1 86.79 12.35 903.8 80.32 11.86 869.1 85.86 11.37 834.4 75.23 11.84 867.8 80.78 11.84 867.9 369.5 3.596e+05 2.565e+07 367.7 3.596e+05 2.565e+07 364.4 3.596e+05 2.565e+07 361.6 3.596e+05 2.565e+07 360.8 3.596e+05 2.565e+07 362.6 3.596e+05 2.565e+07 365.9 3.596e+05 2.565e+07 368.7 3.596e+05 2.565e+07 77.02 11.86 868.9 -12.93 12.39 906.4 78.98 11.86 868.9 -10.97 11.32 831.4 288.8 3.671e+05 2.569e+07 286.7 3.671e+05 2.569e+07 284 3.671e+05 2.569e+07 282.3 3.671e+05 2.569e+07 282.6 3.671e+05 2.569e+07 284.8 3.671e+05 2.569e+07 287.5 3.671e+05 2.569e+07 289.1 3.671e+05 2.569e+07 -1.176e+05 1540 -1.128e+05 -1.145e+05 1543 -1.131e+05 1.145e+05 1543 -1.131e+05 1.113e+05 1540 -1.128e+05 -2.565e+07 -3.626e+05 84.68 2.565e+07 3.626e+05 84.68 0 0 0 
10.84 28.94 -2.165 10.83 25.44 -2.017 10.71 27.65 -2.091 11.68 27.53 -2.23 10.62 28.63 -2.132 11.86 27.53 -2.256 10.8 26.49 -2.039 12.83 27.46 -2.398 11.77 27.49 -2.241 848 7.904e+05 -4.407e+04 848 7.904e+05 -4.407e+04 848.1 7.904e+05 -4.407e+04 848 7.904e+05 -4.407e+04 847.9 7.904e+05 -4.407e+04 847.8 7.904e+05 -4.407e+04 847.8 7.904e+05 -4.407e+04 847.9 7.904e+05 -4.407e+04 12.29 27.5 -2.32 10.82 28.25 -2.133 12.32 27.51 -2.325 10.85 25.95 -2.04 847.9 7.923e+05 -3.349e+04 848 7.923e+05 -3.349e+04 848 7.923e+05 -3.349e+04 847.9 7.923e+05 -3.349e+04 847.8 7.923e+05 -3.349e+04 847.8 7.923e+05 -3.349e+04 847.8 7.923e+05 -3.349e+04 847.8 7.923e+05 -3.349e+04 -6993 3825 772.7 143.6 3833 157 -171.9 3217 157 -7308 3209 772.7 4.416e+04 -7.904e+05 10.68 -4.416e+04 7.904e+05 10.68 0 0 0 
-195 -1.008 1.079e+04 -195 -0.8577 9477 944.9 -2.356 1.014e+04 880.7 -2.271 1.01e+04 950.8 -2.418 1.05e+04 869.1 -2.256 1.01e+04 939.1 -2.284 9699 804.9 -2.174 1.009e+04 874.9 -2.261 1.009e+04 -235.3 -4.399e+04 2.98e+08 -256.5 -4.399e+04 2.98e+08 -294.9 -4.399e+04 2.98e+08 -328 -4.399e+04 2.98e+08 -336.5 -4.399e+04 2.98e+08 -315.4 -4.399e+04 2.98e+08 -277 -4.399e+04 2.98e+08 -243.8 -4.399e+04 2.98e+08 828.6 -2.206 1.01e+04 -206.3 -0.9644 1.053e+04 851.1 -2.235 1.01e+04 -183.7 -0.8932 9665 -1240 -3.406e+04 2.98e+08 -1265 -3.406e+04 2.98e+08 -1296 -3.406e+04 2.98e+08 -1315 -3.406e+04 2.98e+08 -1311 -3.406e+04 2.98e+08 -1286 -3.406e+04 2.98e+08 -1255 -3.406e+04 2.98e+08 -1236 -3.406e+04 2.98e+08 -1.33e+06 -1735 -1.314e+06 -1.33e+06 -1735 -1.314e+06 1.33e+06 1423 -1.314e+06 1.33e+06 1424 -1.314e+06 -2.98e+08 8555 926 2.98e+08 -8555 926 0 0 0 
-13.7 11.37 1004 -13.7 10.28 880.9 92.57 10.82 942.3 86.89 10.8 939.1 93.09 11.12 976.6 85.86 10.8 939.1 92.06 10.48 901.6 80.18 10.78 937.8 86.38 10.78 937.8 238 2.37e+05 2.773e+07 236.1 2.37e+05 2.773e+07 232.5 2.37e+05 2.773e+07 229.4 2.37e+05 2.773e+07 228.6 2.37e+05 2.773e+07 230.5 2.37e+05 2.773e+07 234.1 2.37e+05 2.773e+07 237.2 2.37e+05 2.773e+07 82.22 10.79 938.9 -14.76 11.15 979.4 84.33 10.79 938.9 -12.65 10.43 898.4 152.1 2.46e+05 2.779e+07 149.8 2.46e+05 2.779e+07 146.9 2.46e+05 2.779e+07 145 2.46e+05 2.779e+07 145.4 2.46e+05 2.779e+07 147.7 2.46e+05 2.779e+07 150.6 2.46e+05 2.779e+07 152.4 2.46e+05 2.779e+07 -1.265e+05 1400 -1.219e+05 -1.237e+05 1403 -1.222e+05 1.237e+05 1403 -1.222e+05 1.208e+05 1400 -1.219e+05 -2.773e+07 -2.403e+05 90.8 2.773e+07 2.403e+05 90.8 0 0 0 
10.43 27.58 -2.129 10.43 24.61 -2.092 10.4 26.59 -2.111 11.22 26.49 -2.255 10.33 27.4 -2.278 11.37 26.49 -2.284 10.48 25.64 -1.911 12.2 26.43 -2.438 11.3 26.46 -2.263 697.4 6.482e+05 -1.464e+05 697.5 6.482e+05 -1.464e+05 697.5 6.482e+05 -1.464e+05 697.5 6.482e+05 -1.464e+05 697.4 6.482e+05 -1.464e+05 697.4 6.482e+05 -1.464e+05 697.3 6.482e+05 -1.464e+05 697.4 6.482e+05 -1.464e+05 11.73 26.46 -2.37 10.42 26.99 -2.119 11.76 26.47 -2.375 10.45 25.03 -2.101 720.9 6.726e+05 -8345 721 6.726e+05 -8345 721 6.726e+05 -8345 720.9 6.726e+05 -8345 720.9 6.726e+05 -8345 720.8 6.726e+05 -8345 720.8 6.726e+05 -8345 720.9 6.726e+05 -8345 -6714 3710 816.1 137.8 3717 150.9 -165.1 3051 150.9 -7017 3044 816.1 1.465e+05 -6.482e+05 10.38 -1.465e+05 6.482e+05 10.38 0 0 0 
-187.2 -1.035 1.036e+04 -187.2 -0.9595 9099 907.2 -2.131 9731 845.6 -2.051 9699 912.8 -2.318 1.009e+04 834.4 -2.039 9699 901.6 -1.911 9313 772.8 -1.969 9686 840 -2.038 9686 -333.6 -1.463e+05 2.854e+08 -353.8 -1.463e+05 2.854e+08 -390.6 -1.463e+05 2.854e+08 -422.4 -1.463e+05 2.854e+08 -430.5 -1.463e+05 2.854e+08 -410.3 -1.463e+05 2.854e+08 -373.5 -1.463e+05 2.854e+08 -341.7 -1.463e+05 2.854e+08 795.6 -2.013 9697 -198.1 -1.009 1.011e+04 817.2 -2.036 9697 -176.4 -0.9815 9280 -1174 -1.714e+04 2.861e+08 -1198 -1.714e+04 2.861e+08 -1228 -1.714e+04 2.861e+08 -1246 -1.714e+04 2.861e+08 -1242 -1.714e+04 2.861e+08 -1218 -1.714e+04 2.861e+08 -1188 -1.714e+04 2.861e+08 -1170 -1.714e+04 2.861e+08 -1.277e+06 -1588 -1.261e+06 -1.277e+06 -1588 -1.261e+06 1.277e+06 1289 -1.261e+06 1.277e+06 1289 -1.261e+06 -2.854e+08 1.124e+05 889.1 2.854e+08 -1.124e+05 889.1 0 0 0 
-10.35 13.94 860.1 -10.35 11.83 755.1 80.59 12.89 807.6 76.06 12.83 804.9 81 13.47 837 75.23 12.83 804.9 80.18 12.2 772.8 70.7 12.81 803.7 75.65 12.81 803.8 489.9 4.718e+05 2.374e+07 488.2 4.718e+05 2.374e+07 485.2 4.718e+05 2.374e+07 482.5 4.718e+05 2.374e+07 481.8 4.718e+05 2.374e+07 483.4 4.718e+05 2.374e+07 486.5 4.718e+05 2.374e+07 489.1 4.718e+05 2.374e+07 72.26 12.83 804.7 -11.26 13.53 839.4 74.08 12.83 804.7 -9.441 12.13 770.1 414.1 4.78e+05 2.378e+07 412.1 4.78e+05 2.378e+07 409.6 4.78e+05 2.378e+07 408.1 4.78e+05 2.378e+07 408.3 4.78e+05 2.378e+07 410.3 4.78e+05 2.378e+07 412.8 4.78e+05 2.378e+07 414.4 4.78e+05 2.378e+07 -1.094e+05 1668 -1.045e+05 -1.06e+05 1671 -1.047e+05 1.06e+05 1671 -1.047e+05 1.026e+05 1668 -1.045e+05 -2.374e+07 -4.746e+05 79.07 2.374e+07 4.746e+05 79.07 0 0 0 
10.82 28.91 -2.098 10.82 25.43 -1.954 10.7 27.58 -2.026 11.67 27.47 -2.15 10.61 28.55 -2.074 11.84 27.46 -2.174 10.78 26.43 -1.969 12.81 27.4 -2.301 11.75 27.43 -2.16 842.6 7.854e+05 -4.758e+04 842.7 7.854e+05 -4.758e+04 842.7 7.854e+05 -4.758e+04 842.7 7.854e+05 -4.758e+04 842.6 7.854e+05 -4.758e+04 842.5 7.854e+05 -4.758e+04 842.5 7.854e+05 -4.758e+04 842.5 7.854e+05 -4.758e+04 12.27 27.44 -2.232 10.81 28.22 -2.068 12.3 27.45 -2.236 10.84 25.93 -1.977 843.4 7.881e+05 -3.259e+04 843.5 7.881e+05 -3.259e+04 843.5 7.881e+05 -3.259e+04 843.4 7.881e+05 -3.259e+04 843.3 7.881e+05 -3.259e+04 843.3 7.881e+05 -3.259e+04 843.3 7.881e+05 -3.259e+04 843.3 7.881e+05 -3.259e+04 -6983 3797 726.9 143.4 3805 156.7 -171.7 3234 156.7 -7298 3227 726.9 4.767e+04 -7.854e+05 10.67 -4.767e+04 7.854e+05 10.67 0 0 0 
-194.7 -0.9021 1.078e+04 -194.7 -0.7543 9464 943.6 -2.516 1.012e+04 879.5 -2.416 1.009e+04 949.4 -2.583 1.049e+04 867.8 -2.398 1.009e+04 937.8 -2.438 9686 803.7 -2.301 1.007e+04 873.6 -2.405 1.007e+04 -238.7 -4.752e+04 2.975e+08 -259.8 -4.752e+04 2.975e+08 -298.2 -4.752e+04 2.975e+08 -331.3 -4.752e+04 2.975e+08 -339.8 -4.752e+04 2.975e+08 -318.7 -4.752e+04 2.975e+08 -280.3 -4.752e+04 2.975e+08 -247.2 -4.752e+04 2.975e+08 827.4 -2.34 1.009e+04 -206 -0.8563 1.052e+04 849.9 -2.373 1.009e+04 -183.5 -0.792 9652 -1238 -3.347e+04 2.976e+08 -1262 -3.347e+04 2.976e+08 -1294 -3.347e+04 2.976e+08 -1313 -3.347e+04 2.976e+08 -1309 -3.347e+04 2.976e+08 -1284 -3.347e+04 2.976e+08 -1253 -3.347e+04 2.976e+08 -1233 -3.347e+04 2.976e+08 -1.328e+06 -1863 -1.312e+06 -1.328e+06 -1864 -1.312e+06 1.328e+06 1553 -1.312e+06 1.328e+06 1553 -1.312e+06 -2.975e+08 1.214e+04 924.6 2.975e+08 -1.214e+04 924.6 0 0 0 
-12.1 12.6 935 -12.1 11.02 820.7 86.84 11.81 877.8 81.71 11.77 874.9 87.31 12.24 909.9 80.78 11.77 874.9 86.38 11.3 840 75.65 11.75 873.6 81.24 11.75 873.7 358.6 3.494e+05 2.582e+07 356.8 3.494e+05 2.582e+07 353.5 3.494e+05 2.582e+07 350.6 3.494e+05 2.582e+07 349.8 3.494e+05 2.582e+07 351.6 3.494e+05 2.582e+07 354.9 3.494e+05 2.582e+07 357.8 3.494e+05 2.582e+07 77.46 11.77 874.7 -13.08 12.29 912.5 79.43 11.77 874.7 -11.11 11.25 837 277.4 3.57e+05 2.587e+07 275.3 3.57e+05 2.587e+07 272.6 3.57e+05 2.587e+07 270.9 3.57e+05 2.587e+07 271.2 3.57e+05 2.587e+07 273.4 3.57e+05 2.587e+07 276.1 3.57e+05 2.587e+07 277.8 3.57e+05 2.587e+07 -1.183e+05 1528 -1.136e+05 -1.152e+05 1532 -1.138e+05 1.152e+05 1532 -1.138e+05 1.121e+05 1528 -1.136e+05 -2.582e+07 -3.524e+05 85.19 2.582e+07 3.524e+05 85.19 0 0 0 
10.82 28.9 -2.167 10.82 25.41 -2.023 10.7 27.61 -2.095 11.67 27.5 -2.235 10.61 28.59 -2.14 11.84 27.49 -2.261 10.78 26.46 -2.038 12.81 27.43 -2.405 11.75 27.46 -2.246 842.8 7.855e+05 -4.76e+04 842.9 7.855e+05 -4.76e+04 842.9 7.855e+05 -4.76e+04 842.8 7.855e+05 -4.76e+04 842.7 7.855e+05 -4.76e+04 842.6 7.855e+05 -4.76e+04 842.6 7.855e+05 -4.76e+04 842.7 7.855e+05 -4.76e+04 12.27 27.47 -2.326 10.81 28.21 -2.136 12.3 27.48 -2.332 10.84 25.92 -2.046 843.5 7.882e+05 -3.262e+04 843.6 7.882e+05 -3.262e+04 843.6 7.882e+05 -3.262e+04 843.5 7.882e+05 -3.262e+04 843.4 7.882e+05 -3.262e+04 843.4 7.882e+05 -3.262e+04 843.4 7.882e+05 -3.262e+04 843.5 7.882e+05 -3.262e+04 -6983 3822 776.6 143.4 3830 156.8 -171.7 3210 156.8 -7298 3202 776.6 4.769e+04 -7.855e+05 10.67 -4.769e+04 7.855e+05 10.67 0 0 0 
-194.7 -1.014 1.078e+04 -194.7 -0.8667 9464 943.6 -2.339 1.012e+04 879.5 -2.255 1.009e+04 949.4 -2.405 1.049e+04 867.9 -2.241 1.009e+04 937.8 -2.263 9686 803.8 -2.16 1.007e+04 873.7 -2.246 1.007e+04 -238.7 -4.753e+04 2.975e+08 -259.8 -4.753e+04 2.975e+08 -298.2 -4.753e+04 2.975e+08 -331.3 -4.753e+04 2.975e+08 -339.8 -4.752e+04 2.975e+08 -318.7 -4.753e+04 2.975e+08 -280.3 -4.753e+04 2.975e+08 -247.2 -4.753e+04 2.975e+08 827.4 -2.193 1.009e+04 -206 -0.9715 1.052e+04 849.9 -2.22 1.009e+04 -183.5 -0.9016 9652 -1238 -3.347e+04 2.976e+08 -1262 -3.347e+04 2.976e+08 -1294 -3.347e+04 2.976e+08 -1313 -3.347e+04 2.976e+08 -1309 -3.347e+04 2.976e+08 -1284 -3.347e+04 2.976e+08 -1253 -3.347e+04 2.976e+08 -1233 -3.347e+04 2.976e+08 -1.328e+06 -1723 -1.312e+06 -1.328e+06 -1723 -1.312e+06 1.328e+06 1412 -1.312e+06 1.328e+06 1412 -1.312e+06 -2.975e+08 1.214e+04 924.7 2.975e+08 -1.214e+04 924.7 0 0 0 
324 1068 -282.9 323.6 652.7 -171.4 227.3 860.7 -227.1 347.6 848 -235.3 216.5 998.8 -137.1 369.5 848 -235.3 238 697.4 -333.6 489.9 842.6 -238.7 358.6 842.8 -238.7 1.179e+05 1.114e+08 7.266e+07 1.179e+05 1.114e+08 7.266e+07 1.179e+05 1.114e+08 7.266e+07 1.179e+05 1.114e+08 7.266e+07 1.179e+05 1.114e+08 7.266e+07 1.179e+05 1.114e+08 7.266e+07 1.179e+05 1.114e+08 7.266e+07 1.179e+05 1.114e+08 7.266e+07 423.1 849.2 -224.1 322.8 986.6 -260.9 425.3 849.2 -224.1 324.7 712 -187.3 9.987e+04 9.415e+07 -2.524e+07 9.988e+04 9.415e+07 -2.524e+07 9.988e+04 9.415e+07 -2.524e+07 9.988e+04 9.415e+07 -2.524e+07 9.986e+04 9.415e+07 -2.524e+07 9.986e+04 9.415e+07 -2.524e+07 9.986e+04 9.415e+07 -2.524e+07 9.986e+04 9.415e+07 -2.524e+07 -1.966e+05 1.114e+05 2.939e+04 2.937e+04 1.116e+05 2.945e+04 -3.027e+04 1.116e+05 2.945e+04 -2.562e+05 1.114e+05 2.939e+04 -7.264e+07 -1.114e+08 221.7 7.265e+07 1.114e+08 221.7 0 0 0 
2.984e+05 9.981e+05 -7.658e+04 2.98e+05 6.066e+05 5641 2.27e+05 8.024e+05 -3.547e+04 3.392e+05 7.905e+05 -4.399e+04 2.169e+05 9.329e+05 5.833e+04 3.596e+05 7.904e+05 -4.399e+04 2.37e+05 6.482e+05 -1.463e+05 4.718e+05 7.854e+05 -4.752e+04 3.494e+05 7.855e+05 -4.753e+04 1.114e+08 1.053e+11 7.566e+10 1.114e+08 1.053e+11 7.566e+10 1.114e+08 1.053e+11 7.566e+10 1.114e+08 1.053e+11 7.566e+10 1.114e+08 1.053e+11 7.566e+10 1.114e+08 1.053e+11 7.566e+10 1.114e+08 1.053e+11 7.566e+10 1.114e+08 1.053e+11 7.566e+10 4.094e+05 7.916e+05 -3.324e+04 2.971e+05 9.21e+05 -6.038e+04 4.118e+05 7.916e+05 -3.324e+04 2.993e+05 6.625e+05 -6093 9.4e+07 8.864e+10 -1.862e+10 9.4e+07 8.864e+10 -1.862e+10 9.401e+07 8.864e+10 -1.862e+10 9.4e+07 8.864e+10 -1.862e+10 9.399e+07 8.864e+10 -1.862e+10 9.398e+07 8.864e+10 -1.862e+10 9.398e+07 8.864e+10 -1.862e+10 9.399e+07 8.864e+10 -1.862e+10 -2.064e+08 1.038e+08 4.589e+06 4.238e+06 1.04e+08 4.599e+06 -5.074e+06 1.04e+08 4.599e+06 -2.157e+08 1.038e+08 4.589e+06 -7.565e+10 -1.053e+11 2.213e+05 7.566e+10 1.053e+11 2.213e+05 0 0 0 
-5.752e+06 -6.308e+04 3.185e+08 -5.752e+06 -7829 2.796e+08 2.791e+07 -3.557e+04 2.99e+08 2.6e+07 -4.407e+04 2.98e+08 2.808e+07 5.823e+04 3.106e+08 2.565e+07 -4.407e+04 2.98e+08 2.773e+07 -1.464e+05 2.854e+08 2.374e+07 -4.758e+04 2.975e+08 2.582e+07 -4.76e+04 2.975e+08 7.266e+07 7.566e+10 9.301e+12 7.2e+07 7.566e+10 9.3e+12 7.081e+07 7.566e+10 9.3e+12 6.977e+07 7.566e+10 9.3e+12 6.949e+07 7.566e+10 9.3e+12 7.014e+07 7.566e+10 9.3e+12 7.134e+07 7.566e+10 9.3e+12 7.238e+07 7.566e+10 9.3e+12 2.445e+07 -3.403e+04 2.98e+08 -6.085e+06 -5.22e+04 3.108e+08 2.511e+07 -3.403e+04 2.98e+08 -5.42e+06 -1.572e+04 2.852e+08 -4.876e+07 -1.251e+10 8.8e+12 -4.95e+07 -1.251e+10 8.8e+12 -5.042e+07 -1.251e+10 8.8e+12 -5.098e+07 -1.251e+10 8.8e+12 -5.086e+07 -1.251e+10 8.8e+12 -5.012e+07 -1.251e+10 8.8e+12 -4.92e+07 -1.251e+10 8.8e+12 -4.864e+07 -1.251e+10 8.8e+12 -3.925e+10 -4.703e+06 -3.869e+10 -3.925e+10 -4.712e+06 -3.878e+10 3.926e+10 -4.486e+06 -3.878e+10 3.927e+10 -4.476e+06 -3.869e+10 -9.3e+12 -7.677e+10 2.732e+07 9.3e+12 7.678e+10 2.732e+07 0 0 0 
324.5 1069 -305.5 324 652.7 -191.2 225.3 860.8 -248.4 345.8 848.1 -256.5 214.5 998.9 -159.1 367.7 848 -256.5 236.1 697.5 -353.8 488.2 842.7 -259.8 356.8 842.9 -259.8 1.179e+05 1.114e+08 7.2e+07 1.18e+05 1.114e+08 7.2e+07 1.179e+05 1.114e+08 7.2e+07 1.179e+05 1.114e+08 7.2e+07 1.179e+05 1.114e+08 7.2e+07 1.179e+05 1.114e+08 7.2e+07 1.179e+05 1.114e+08 7.2e+07 1.179e+05 1.114e+08 7.2e+07 421.5 849.3 -245.2 323.3 986.7 -283 423.6 849.3 -245.2 325.2 712.1 -207.5 9.989e+04 9.416e+07 -2.586e+07 9.989e+04 9.416e+07 -2.586e+07 9.99e+04 9.416e+07 -2.586e+07 9.989e+04 9.416e+07 -2.586e+07 9.988e+04 9.416e+07 -2.586e+07 9.987e+04 9.416e+07 -2.586e+07 9.987e+04 9.416e+07 -2.586e+07 9.988e+04 9.416e+07 -2.586e+07 -1.938e+05 1.114e+05 3.214e+04 3.215e+04 1.116e+05 3.22e+04 -3.305e+04 1.116e+05 3.22e+04 -2.59e+05 1.114e+05 3.214e+04 -7.199e+07 -1.114e+08 219.8 7.2e+07 1.114e+08 219.8 0 0 0 
2.984e+05 9.981e+05 -7.658e+04 2.98e+05 6.066e+05 5641 2.27e+05 8.024e+05 -3.547e+04 3.392e+05 7.905e+05 -4.399e+04 2.169e+05 9.329e+05 5.833e+04 3.596e+05 7.904e+05 -4.399e+04 2.37e+05 6.482e+05 -1.463e+05 4.718e+05 7.854e+05 -4.752e+04 3.494e+05 7.855e+05 -4.753e+04 1.114e+08 1.053e+11 7.566e+10 1.114e+08 1.053e+11 7.566e+10 1.114e+08 1.053e+11 7.566e+10 1.114e+08 1.053e+11 7.566e+10 1.114e+08 1.053e+11 7.566e+10 1.114e+08 1.053e+11 7.566e+10 1.114e+08 1.053e+11 7.566e+10 1.114e+08 1.053e+11 7.566e+10 4.094e+05 7.916e+05 -3.324e+04 2.971e+05 9.21e+05 -6.038e+04 4.118e+05 7.916e+05 -3.324e+04 2.993e+05 6.625e+05 -6093 9.4e+07 8.864e+10 -1.862e+10 9.4e+07 8.864e+10 -1.862e+10 9.401e+07 8.864e+10 -1.862e+10 9.4e+07 8.864e+10 -1.862e+10 9.399e+07 8.864e+10 -1.862e+10 9.398e+07 8.864e+10 -1.862e+10 9.398e+07 8.864e+10 -1.862e+10 9.399e+07 8.864e+10 -1.862e+10 -2.064e+08 1.038e+08 4.589e+06 4.238e+06 1.04e+08 4.599e+06 -5.074e+06 1.04e+08 4.599e+06 -2.157e+08 1.038e+08 4.589e+06 -7.565e+10 -1.053e+11 2.213e+05 7.566e+10 1.053e+11 2.213e+05 0 0 0 
-5.752e+06 -6.308e+04 3.185e+08 -5.752e+06 -7829 2.796e+08 2.791e+07 -3.557e+04 2.99e+08 2.6e+07 -4.407e+04 2.98e+08 2.808e+07 5.823e+04 3.106e+08 2.565e+07 -4.407e+04 2.98e+08 2.773e+07 -1.464e+05 2.854e+08 2.374e+07 -4.758e+04 2.975e+08 2.582e+07 -4.76e+04 2.975e+08 7.266e+07 7.566e+10 9.3e+12 7.2e+07 7.566e+10 9.301e+12 7.081e+07 7.566e+10 9.3e+12 6.977e+07 7.566e+10 9.3e+12 6.949e+07 7.566e+10 9.3e+12 7.014e+07 7.566e+10 9.3e+12 7.134e+07 7.566e+10 9.3e+12 7.238e+07 7.566e+10 9.3e+12 2.445e+07 -3.403e+04 2.98e+08 -6.085e+06 -5.22e+04 3.108e+08 2.511e+07 -3.403e+04 2.98e+08 -5.42e+06 -1.572e+04 2.852e+08 -4.876e+07 -1.251e+10 8.8e+12 -4.95e+07 -1.251e+10 8.8e+12 -5.042e+07 -1.251e+10 8.8e+12 -5.098e+07 -1.251e+10 8.8e+12 -5.086e+07 -1.251e+10 8.8e+12 -5.012e+07 -1.251e+10 8.8e+12 -4.92e+07 -1.251e+10 8.8e+12 -4.864e+07 -1.251e+10 8.8e+12 -3.925e+10 -4.703e+06 -3.869e+10 -3.925e+10 -4.712e+06 -3.878e+10 3.926e+10 -4.486e+06 -3.878e+10 3.927e+10 -4.476e+06 -3.869e+10 -9.3e+12 -7.677e+10 2.732e+07 9.3e+12 7.678e+10 2.732e+07 0 0 0 
325.2 1069 -346.5 324.8 652.8 -227.3 221.7 860.8 -286.9 342.5 848.1 -294.9 210.9 998.9 -199.1 364.4 848.1 -294.9 232.5 697.5 -390.6 485.2 842.7 -298.2 353.5 842.9 -298.2 1.179e+05 1.114e+08 7.081e+07 1.179e+05 1.114e+08 7.081e+07 1.179e+05 1.114e+08 7.081e+07 1.179e+05 1.114e+08 7.081e+07 1.179e+05 1.114e+08 7.081e+07 1.179e+05 1.114e+08 7.081e+07 1.179e+05 1.114e+08 7.081e+07 1.179e+05 1.114e+08 7.081e+07 418.3 849.3 -283.6 324.1 986.7 -323 420.4 849.3 -283.6 325.9 712.1 -244.3 9.989e+04 9.417e+07 -2.7e+07 9.99e+04 9.417e+07 -2.7e+07 9.99e+04 9.417e+07 -2.7e+07 9.99e+04 9.417e+07 -2.7e+07 9.989e+04 9.417e+07 -2.7e+07 9.988e+04 9.417e+07 -2.7e+07 9.988e+04 9.417e+07 -2.7e+07 9.988e+04 9.417e+07 -2.7e+07 -1.888e+05 1.114e+05 3.712e+04 3.721e+04 1.116e+05 3.72e+04 -3.811e+04 1.116e+05 3.72e+04 -2.641e+05 1.114e+05 3.712e+04 -7.079e+07 -1.114e+08 216.3 7.08e+07 1.114e+08 216.3 0 0 0 
2.984e+05 9.981e+05 -7.658e+04 2.98e+05 6.066e+05 5641 2.27e+05 8.024e+05 -3.547e+04 3.392e+05 7.905e+05 -4.399e+04 2.169e+05 9.329e+05 5.833e+04 3.596e+05 7.904e+05 -4.399e+04 2.37e+05 6.482e+05 -1.463e+05 4.718e+05 7.854e+05 -4.752e+04 3.494e+05 7.855e+05 -4.753e+04 1.114e+08 1.053e+11 7.566e+10 1.114e+08 1.053e+11 7.566e+10 1.114e+08 1.053e+11 7.566e+10 1.114e+08 1.053e+11 7.566e+10 1.114e+08 1.053e+11 7.566e+10 1.114e+08 1.053e+11 7.566e+10 1.114e+08 1.053e+11 7.566e+10 1.114e+08 1.053e+11 7.566e+10 4.094e+05 7.916e+05 -3.324e+04 2.971e+05 9.21e+05 -6.038e+04 4.118e+05 7.916e+05 -3.324e+04 2.993e+05 6.625e+05 -6093 9.4e+07 8.864e+10 -1.862e+10 9.4e+07 8.864e+10 -1.862e+10 9.401e+07 8.864e+10 -1.862e+10 9.4e+07 8.864e+10 -1.862e+10 9.399e+07 8.864e+10 -1.862e+10 9.398e+07 8.864e+10 -1.862e+10 9.398e+07 8.864e+10 -1.862e+10 9.399e+07 8.864e+10 -1.862e+10 -2.064e+08 1.038e+08 4.589e+06 4.238e+06 1.04e+08 4.599e+06 -5.074e+06 1.04e+08 4.599e+06 -2.157e+08 1.038e+08 4.589e+06 -7.565e+10 -1.053e+11 2.213e+05 7.566e+10 1.053e+11 2.213e+05 0 0 0 
-5.752e+06 -6.308e+04 3.185e+08 -5.752e+06 -7829 2.796e+08 2.791e+07 -3.557e+04 2.99e+08 2.6e+07 -4.407e+04 2.98e+08 2.808e+07 5.823e+04 3.106e+08 2.565e+07 -4.407e+04 2.98e+08 2.773e+07 -1.464e+05 2.854e+08 2.374e+07 -4.758e+04 2.975e+08 2.582e+07 -4.76e+04 2.975e+08 7.266e+07 7.566e+10 9.3e+12 7.2e+07 7.566e+10 9.3e+12 7.081e+07 7.566e+10 9.301e+12 6.977e+07 7.566e+10 9.3e+12 6.949e+07 7.566e+10 9.3e+12 7.014e+07 7.566e+10 9.3e+12 7.134e+07 7.566e+10 9.3e+12 7.238e+07 7.566e+10 9.3e+12 2.445e+07 -3.403e+04 2.98e+08 -6.085e+06 -5.22e+04 3.108e+08 2.511e+07 -3.403e+04 2.98e+08 -5.42e+06 -1.572e+04 2.852e+08 -4.876e+07 -1.251e+10 8.8e+12 -4.95e+07 -1.251e+10 8.8e+12 -5.042e+07 -1.251e+10 8.8e+12 -5.098e+07 -1.251e+10 8.8e+12 -5.086e+07 -1.251e+10 8.8e+12 -5.012e+07 -1.251e+10 8.8e+12 -4.92e+07 -1.251e+10 8.8e+12 -4.864e+07 -1.251e+10 8.8e+12 -3.925e+10 -4.703e+06 -3.869e+10 -3.925e+10 -4.712e+06 -3.878e+10 3.926e+10 -4.486e+06 -3.878e+10 3.927e+10 -4.476e+06 -3.869e+10 -9.3e+12 -7.677e+10 2.732e+07 9.3e+12 7.678e+10 2.732e+07 0 0 0 
0 0 0 0 0 0 0 0 0 0 0 0 0 0 0 0 0 0 0 0 0 0 0 0 0 0 0 0 0 0 0 0 0 0 0 0 0 0 0 0 0 0 0 0 0 0 0 0 0 0 0 0 0 0 0 0 0 0 0 0 0 0 0 0 0 0 0 0 0 0 0 0 0 0 0 0 0 0 0 0 0 0 0 0 0 0 0 0 0 0 0 0 0 0 0 0 0 0 0 0 0 0 0 0 0 0 0 0 
0 0 0 0 0 0 0 0 0 0 0 0 0 0 0 0 0 0 0 0 0 0 0 0 0 0 0 0 0 0 0 0 0 0 0 0 0 0 0 0 0 0 0 0 0 0 0 0 0 0 0 0 0 0 0 0 0 0 0 0 0 0 0 0 0 0 0 0 0 0 0 0 0 0 0 0 0 0 0 0 0 0 0 0 0 0 0 0 0 0 0 0 0 0 0 0 0 0 0 0 0 0 0 0 0 0 0 0 
0 0 0 0 0 0 0 0 0 0 0 0 0 0 0 0 0 0 0 0 0 0 0 0 0 0 0 0 0 0 0 0 0 0 0 0 0 0 0 0 0 0 0 0 0 0 0 0 0 0 0 0 0 0 0 0 0 0 0 0 0 0 0 0 0 0 0 0 0 0 0 0 0 0 0 0 0 0 0 0 0 0 0 0 0 0 0 0 0 0 0 0 0 0 0 0 0 0 0 0 0 0 0 0 0 0 0 0 
0 0 0 0 0 0 0 0 0 0 0 0 0 0 0 0 0 0 0 0 0 0 0 0 0 0 0 0 0 0 0 0 0 0 0 0 0 0 0 0 0 0 0 0 0 0 0 0 0 0 0 0 0 0 0 0 0 0 0 0 0 0 0 0 0 0 0 0 0 0 0 0 0 0 0 0 0 0 0 0 0 0 0 0 0 0 0 0 0 0 0 0 0 0 0 0 0 0 0 0 0 0 0 0 0 0 0 0 
0 0 0 0 0 0 0 0 0 0 0 0 0 0 0 0 0 0 0 0 0 0 0 0 0 0 0 0 0 0 0 0 0 0 0 0 0 0 0 0 0 0 0 0 0 0 0 0 0 0 0 0 0 0 0 0 0 0 0 0 0 0 0 0 0 0 0 0 0 0 0 0 0 0 0 0 0 0 0 0 0 0 0 0 0 0 0 0 0 0 0 0 0 0 0 0 0 0 0 0 0 0 0 0 0 0 0 0 
0 0 0 0 0 0 0 0 0 0 0 0 0 0 0 0 0 0 0 0 0 0 0 0 0 0 0 0 0 0 0 0 0 0 0 0 0 0 0 0 0 0 0 0 0 0 0 0 0 0 0 0 0 0 0 0 0 0 0 0 0 0 0 0 0 0 0 0 0 0 0 0 0 0 0 0 0 0 0 0 0 0 0 0 0 0 0 0 0 0 0 0 0 0 0 0 0 0 0 0 0 0 0 0 0 0 0 0 
0 0 0 0 0 0 0 0 0 0 0 0 0 0 0 0 0 0 0 0 0 0 0 0 0 0 0 0 0 0 0 0 0 0 0 0 0 0 0 0 0 0 0 0 0 0 0 0 0 0 0 0 0 0 0 0 0 0 0 0 0 0 0 0 0 0 0 0 0 0 0 0 0 0 0 0 0 0 0 0 0 0 0 0 0 0 0 0 0 0 0 0 0 0 0 0 0 0 0 0 0 0 0 0 0 0 0 0 
0 0 0 0 0 0 0 0 0 0 0 0 0 0 0 0 0 0 0 0 0 0 0 0 0 0 0 0 0 0 0 0 0 0 0 0 0 0 0 0 0 0 0 0 0 0 0 0 0 0 0 0 0 0 0 0 0 0 0 0 0 0 0 0 0 0 0 0 0 0 0 0 0 0 0 0 0 0 0 0 0 0 0 0 0 0 0 0 0 0 0 0 0 0 0 0 0 0 0 0 0 0 0 0 0 0 0 0 
0 0 0 0 0 0 0 0 0 0 0 0 0 0 0 0 0 0 0 0 0 0 0 0 0 0 0 0 0 0 0 0 0 0 0 0 0 0 0 0 0 0 0 0 0 0 0 0 0 0 0 0 0 0 0 0 0 0 0 0 0 0 0 0 0 0 0 0 0 0 0 0 0 0 0 0 0 0 0 0 0 0 0 0 0 0 0 0 0 0 0 0 0 0 0 0 0 0 0 0 0 0 0 0 0 0 0 0 
0 0 0 0 0 0 0 0 0 0 0 0 0 0 0 0 0 0 0 0 0 0 0 0 0 0 0 0 0 0 0 0 0 0 0 0 0 0 0 0 0 0 0 0 0 0 0 0 0 0 0 0 0 0 0 0 0 0 0 0 0 0 0 0 0 0 0 0 0 0 0 0 0 0 0 0 0 0 0 0 0 0 0 0 0 0 0 0 0 0 0 0 0 0 0 0 0 0 0 0 0 0 0 0 0 0 0 0 
0 0 0 0 0 0 0 0 0 0 0 0 0 0 0 0 0 0 0 0 0 0 0 0 0 0 0 0 0 0 0 0 0 0 0 0 0 0 0 0 0 0 0 0 0 0 0 0 0 0 0 0 0 0 0 0 0 0 0 0 0 0 0 0 0 0 0 0 0 0 0 0 0 0 0 0 0 0 0 0 0 0 0 0 0 0 0 0 0 0 0 0 0 0 0 0 0 0 0 0 0 0 0 0 0 0 0 0 
0 0 0 0 0 0 0 0 0 0 0 0 0 0 0 0 0 0 0 0 0 0 0 0 0 0 0 0 0 0 0 0 0 0 0 0 0 0 0 0 0 0 0 0 0 0 0 0 0 0 0 0 0 0 0 0 0 0 0 0 0 0 0 0 0 0 0 0 0 0 0 0 0 0 0 0 0 0 0 0 0 0 0 0 0 0 0 0 0 0 0 0 0 0 0 0 0 0 0 0 0 0 0 0 0 0 0 0 
0 0 0 0 0 0 0 0 0 0 0 0 0 0 0 0 0 0 0 0 0 0 0 0 0 0 0 0 0 0 0 0 0 0 0 0 0 0 0 0 0 0 0 0 0 0 0 0 0 0 0 0 0 0 0 0 0 0 0 0 0 0 0 0 0 0 0 0 0 0 0 0 0 0 0 0 0 0 0 0 0 0 0 0 0 0 0 0 0 0 0 0 0 0 0 0 0 0 0 0 0 0 0 0 0 0 0 0 
0 0 0 0 0 0 0 0 0 0 0 0 0 0 0 0 0 0 0 0 0 0 0 0 0 0 0 0 0 0 0 0 0 0 0 0 0 0 0 0 0 0 0 0 0 0 0 0 0 0 0 0 0 0 0 0 0 0 0 0 0 0 0 0 0 0 0 0 0 0 0 0 0 0 0 0 0 0 0 0 0 0 0 0 0 0 0 0 0 0 0 0 0 0 0 0 0 0 0 0 0 0 0 0 0 0 0 0 
0 0 0 0 0 0 0 0 0 0 0 0 0 0 0 0 0 0 0 0 0 0 0 0 0 0 0 0 0 0 0 0 0 0 0 0 0 0 0 0 0 0 0 0 0 0 0 0 0 0 0 0 0 0 0 0 0 0 0 0 0 0 0 0 0 0 0 0 0 0 0 0 0 0 0 0 0 0 0 0 0 0 0 0 0 0 0 0 0 0 0 0 0 0 0 0 0 0 0 0 0 0 0 0 0 0 0 0 
0 0 0 0 0 0 0 0 0 0 0 0 0 0 0 0 0 0 0 0 0 0 0 0 0 0 0 0 0 0 0 0 0 0 0 0 0 0 0 0 0 0 0 0 0 0 0 0 0 0 0 0 0 0 0 0 0 0 0 0 0 0 0 0 0 0 0 0 0 0 0 0 0 0 0 0 0 0 0 0 0 0 0 0 0 0 0 0 0 0 0 0 0 0 0 0 0 0 0 0 0 0 0 0 0 0 0 0 
0 0 0 0 0 0 0 0 0 0 0 0 0 0 0 0 0 0 0 0 0 0 0 0 0 0 0 0 0 0 0 0 0 0 0 0 0 0 0 0 0 0 0 0 0 0 0 0 0 0 0 0 0 0 0 0 0 0 0 0 0 0 0 0 0 0 0 0 0 0 0 0 0 0 0 0 0 0 0 0 0 0 0 0 0 0 0 0 0 0 0 0 0 0 0 0 0 0 0 0 0 0 0 0 0 0 0 0 
0 0 0 0 0 0 0 0 0 0 0 0 0 0 0 0 0 0 0 0 0 0 0 0 0 0 0 0 0 0 0 0 0 0 0 0 0 0 0 0 0 0 0 0 0 0 0 0 0 0 0 0 0 0 0 0 0 0 0 0 0 0 0 0 0 0 0 0 0 0 0 0 0 0 0 0 0 0 0 0 0 0 0 0 0 0 0 0 0 0 0 0 0 0 0 0 0 0 0 0 0 0 0 0 0 0 0 0 
0 0 0 0 0 0 0 0 0 0 0 0 0 0 0 0 0 0 0 0 0 0 0 0 0 0 0 0 0 0 0 0 0 0 0 0 0 0 0 0 0 0 0 0 0 0 0 0 0 0 0 0 0 0 0 0 0 0 0 0 0 0 0 0 0 0 0 0 0 0 0 0 0 0 0 0 0 0 0 0 0 0 0 0 0 0 0 0 0 0 0 0 0 0 0 0 0 0 0 0 0 0 0 0 0 0 0 0 
0 0 0 0 0 0 0 0 0 0 0 0 0 0 0 0 0 0 0 0 0 0 0 0 0 0 0 0 0 0 0 0 0 0 0 0 0 0 0 0 0 0 0 0 0 0 0 0 0 0 0 0 0 0 0 0 0 0 0 0 0 0 0 0 0 0 0 0 0 0 0 0 0 0 0 0 0 0 0 0 0 0 0 0 0 0 0 0 0 0 0 0 0 0 0 0 0 0 0 0 0 0 0 0 0 0 0 0 
0 0 0 0 0 0 0 0 0 0 0 0 0 0 0 0 0 0 0 0 0 0 0 0 0 0 0 0 0 0 0 0 0 0 0 0 0 0 0 0 0 0 0 0 0 0 0 0 0 0 0 0 0 0 0 0 0 0 0 0 0 0 0 0 0 0 0 0 0 0 0 0 0 0 0 0 0 0 0 0 0 0 0 0 0 0 0 0 0 0 0 0 0 0 0 0 0 0 0 0 0 0 0 0 0 0 0 0 
0 0 0 0 0 0 0 0 0 0 0 0 0 0 0 0 0 0 0 0 0 0 0 0 0 0 0 0 0 0 0 0 0 0 0 0 0 0 0 0 0 0 0 0 0 0 0 0 0 0 0 0 0 0 0 0 0 0 0 0 0 0 0 0 0 0 0 0 0 0 0 0 0 0 0 0 0 0 0 0 0 0 0 0 0 0 0 0 0 0 0 0 0 0 0 0 0 0 0 0 0 0 0 0 0 0 0 0 
0 0 0 0 0 0 0 0 0 0 0 0 0 0 0 0 0 0 0 0 0 0 0 0 0 0 0 0 0 0 0 0 0 0 0 0 0 0 0 0 0 0 0 0 0 0 0 0 0 0 0 0 0 0 0 0 0 0 0 0 0 0 0 0 0 0 0 0 0 0 0 0 0 0 0 0 0 0 0 0 0 0 0 0 0 0 0 0 0 0 0 0 0 0 0 0 0 0 0 0 0 0 0 0 0 0 0 0 
0 0 0 0 0 0 0 0 0 0 0 0 0 0 0 0 0 0 0 0 0 0 0 0 0 0 0 0 0 0 0 0 0 0 0 0 0 0 0 0 0 0 0 0 0 0 0 0 0 0 0 0 0 0 0 0 0 0 0 0 0 0 0 0 0 0 0 0 0 0 0 0 0 0 0 0 0 0 0 0 0 0 0 0 0 0 0 0 0 0 0 0 0 0 0 0 0 0 0 0 0 0 0 0 0 0 0 0 
0 0 0 0 0 0 0 0 0 0 0 0 0 0 0 0 0 0 0 0 0 0 0 0 0 0 0 0 0 0 0 0 0 0 0 0 0 0 0 0 0 0 0 0 0 0 0 0 0 0 0 0 0 0 0 0 0 0 0 0 0 0 0 0 0 0 0 0 0 0 0 0 0 0 0 0 0 0 0 0 0 0 0 0 0 0 0 0 0 0 0 0 0 0 0 0 0 0 0 0 0 0 0 0 0 0 0 0 
0 0 0 0 0 0 0 0 0 0 0 0 0 0 0 0 0 0 0 0 0 0 0 0 0 0 0 0 0 0 0 0 0 0 0 0 0 0 0 0 0 0 0 0 0 0 0 0 0 0 0 0 0 0 0 0 0 0 0 0 0 0 0 0 0 0 0 0 0 0 0 0 0 0 0 0 0 0 0 0 0 0 0 0 0 0 0 0 0 0 0 0 0 0 0 0 0 0 0 0 0 0 0 0 0 0 0 0 
0 0 0 0 0 0 0 0 0 0 0 0 0 0 0 0 0 0 0 0 0 0 0 0 0 0 0 0 0 0 0 0 0 0 0 0 0 0 0 0 0 0 0 0 0 0 0 0 0 0 0 0 0 0 0 0 0 0 0 0 0 0 0 0 0 0 0 0 0 0 0 0 0 0 0 0 0 0 0 0 0 0 0 0 0 0 0 0 0 0 0 0 0 0 0 0 0 0 0 0 0 0 0 0 0 0 0 0 
0 0 0 0 0 0 0 0 0 0 0 0 0 0 0 0 0 0 0 0 0 0 0 0 0 0 0 0 0 0 0 0 0 0 0 0 0 0 0 0 0 0 0 0 0 0 0 0 0 0 0 0 0 0 0 0 0 0 0 0 0 0 0 0 0 0 0 0 0 0 0 0 0 0 0 0 0 0 0 0 0 0 0 0 0 0 0 0 0 0 0 0 0 0 0 0 0 0 0 0 0 0 0 0 0 0 0 0 
0 0 0 0 0 0 0 0 0 0 0 0 0 0 0 0 0 0 0 0 0 0 0 0 0 0 0 0 0 0 0 0 0 0 0 0 0 0 0 0 0 0 0 0 0 0 0 0 0 0 0 0 0 0 0 0 0 0 0 0 0 0 0 0 0 0 0 0 0 0 0 0 0 0 0 0 0 0 0 0 0 0 0 0 0 0 0 0 0 0 0 0 0 0 0 0 0 0 0 0 0 0 0 0 0 0 0 0 
0 0 0 0 0 0 0 0 0 0 0 0 0 0 0 0 0 0 0 0 0 0 0 0 0 0 0 0 0 0 0 0 0 0 0 0 0 0 0 0 0 0 0 0 0 0 0 0 0 0 0 0 0 0 0 0 0 0 0 0 0 0 0 0 0 0 0 0 0 0 0 0 0 0 0 0 0 0 0 0 0 0 0 0 0 0 0 0 0 0 0 0 0 0 0 0 0 0 0 0 0 0 0 0 0 0 0 0 
0 0 0 0 0 0 0 0 0 0 0 0 0 0 0 0 0 0 0 0 0 0 0 0 0 0 0 0 0 0 0 0 0 0 0 0 0 0 0 0 0 0 0 0 0 0 0 0 0 0 0 0 0 0 0 0 0 0 0 0 0 0 0 0 0 0 0 0 0 0 0 0 0 0 0 0 0 0 0 0 0 0 0 0 0 0 0 0 0 0 0 0 0 0 0 0 0 0 0 0 0 0 0 0 0 0 0 0 
0 0 0 0 0 0 0 0 0 0 0 0 0 0 0 0 0 0 0 0 0 0 0 0 0 0 0 0 0 0 0 0 0 0 0 0 0 0 0 0 0 0 0 0 0 0 0 0 0 0 0 0 0 0 0 0 0 0 0 0 0 0 0 0 0 0 0 0 0 0 0 0 0 0 0 0 0 0 0 0 0 0 0 0 0 0 0 0 0 0 0 0 0 0 0 0 0 0 0 0 0 0 0 0 0 0 0 0 
0 0 0 0 0 0 0 0 0 0 0 0 0 0 0 0 0 0 0 0 0 0 0 0 0 0 0 0 0 0 0 0 0 0 0 0 0 0 0 0 0 0 0 0 0 0 0 0 0 0 0 0 0 0 0 0 0 0 0 0 0 0 0 0 0 0 0 0 0 0 0 0 0 0 0 0 0 0 0 0 0 0 0 0 0 0 0 0 0 0 0 0 0 0 0 0 0 0 0 0 0 0 0 0 0 0 0 0 
0 0 0 0 0 0 0 0 0 0 0 0 0 0 0 0 0 0 0 0 0 0 0 0 0 0 0 0 0 0 0 0 0 0 0 0 0 0 0 0 0 0 0 0 0 0 0 0 0 0 0 0 0 0 0 0 0 0 0 0 0 0 0 0 0 0 0 0 0 0 0 0 0 0 0 0 0 0 0 0 0 0 0 0 0 0 0 0 0 0 0 0 0 0 0 0 0 0 0 0 0 0 0 0 0 0 0 0 
0 0 0 0 0 0 0 0 0 0 0 0 0 0 0 0 0 0 0 0 0 0 0 0 0 0 0 0 0 0 0 0 0 0 0 0 0 0 0 0 0 0 0 0 0 0 0 0 0 0 0 0 0 0 0 0 0 0 0 0 0 0 0 0 0 0 0 0 0 0 0 0 0 0 0 0 0 0 0 0 0 0 0 0 0 0 0 0 0 0 0 0 0 0 0 0 0 0 0 0 0 0 0 0 0 0 0 0 
0 0 0 0 0 0 0 0 0 0 0 0 0 0 0 0 0 0 0 0 0 0 0 0 0 0 0 0 0 0 0 0 0 0 0 0 0 0 0 0 0 0 0 0 0 0 0 0 0 0 0 0 0 0 0 0 0 0 0 0 0 0 0 0 0 0 0 0 0 0 0 0 0 0 0 0 0 0 0 0 0 0 0 0 0 0 0 0 0 0 0 0 0 0 0 0 0 0 0 0 0 0 0 0 0 0 0 0 
0 0 0 0 0 0 0 0 0 0 0 0 0 0 0 0 0 0 0 0 0 0 0 0 0 0 0 0 0 0 0 0 0 0 0 0 0 0 0 0 0 0 0 0 0 0 0 0 0 0 0 0 0 0 0 0 0 0 0 0 0 0 0 0 0 0 0 0 0 0 0 0 0 0 0 0 0 0 0 0 0 0 0 0 0 0 0 0 0 0 0 0 0 0 0 0 0 0 0 0 0 0 0 0 0 0 0 0 
0 0 0 0 0 0 0 0 0 0 0 0 0 0 0 0 0 0 0 0 0 0 0 0 0 0 0 0 0 0 0 0 0 0 0 0 0 0 0 0 0 0 0 0 0 0 0 0 0 0 0 0 0 0 0 0 0 0 0 0 0 0 0 0 0 0 0 0 0 0 0 0 0 0 0 0 0 0 0 0 0 0 0 0 0 0 0 0 0 0 0 0 0 0 0 0 0 0 0 0 0 0 0 0 0 0 0 0 
0 0 0 0 0 0 0 0 0 0 0 0 0 0 0 0 0 0 0 0 0 0 0 0 0 0 0 0 0 0 0 0 0 0 0 0 0 0 0 0 0 0 0 0 0 0 0 0 0 0 0 0 0 0 0 0 0 0 0 0 0 0 0 0 0 0 0 0 0 0 0 0 0 0 0 0 0 0 0 0 0 0 0 0 0 0 0 0 0 0 0 0 0 0 0 0 0 0 0 0 0 0 0 0 0 0 0 0 
0 0 0 0 0 0 0 0 0 0 0 0 0 0 0 0 0 0 0 0 0 0 0 0 0 0 0 0 0 0 0 0 0 0 0 0 0 0 0 0 0 0 0 0 0 0 0 0 0 0 0 0 0 0 0 0 0 0 0 0 0 0 0 0 0 0 0 0 0 0 0 0 0 0 0 0 0 0 0 0 0 0 0 0 0 0 0 0 0 0 0 0 0 0 0 0 0 0 0 0 0 0 0 0 0 0 0 0 
